    0.497878114117526612E-37    0.110906117502831785E+05    0.645320293103920228E+01    0.962601669142719940E+00    0.114457212062791275E+00    0.234766766382926761E+00    0.135701561324662687E-01    0.788863975961621389E+00    0.764163905236262764E+00
    0.340956769189944757E-96    0.113630739904637212E+05    0.601813383015381387E+01    0.806827894919190269E+00    0.114540039426255971E+00    0.280241043680350688E+00    0.140669697312912779E-01    0.780403319396995254E+00    0.760862747989285215E+00
    0.331878729810549521E-72    0.112526038781242951E+05    0.619212883387359270E+01    0.908946107555303806E+00    0.116834062856797261E+00    0.288749290833757943E+00    0.135277933460414956E-01    0.738936696785288838E+00    0.763730680079923951E+00
    0.100000000000000000E+01    0.109188256534362554E+05    0.579045495542508171E+01    0.762970644118875718E+00    0.117657432152873442E+00    0.255780809987379898E+00    0.141311291115321785E-01    0.765470039780365430E+00    0.766815072339862125E+00
    0.391541940240411281E-74    0.112614835724838504E+05    0.619212817920672265E+01    0.925524582643239113E+00    0.113720173884612627E+00    0.271332206935499254E+00    0.137329820026198864E-01    0.784875213567053809E+00    0.775378666504670133E+00
    0.139022758841466805E-67    0.112313182911506210E+05    0.619213939384128054E+01    0.820334621218998583E+00    0.114412772953528613E+00    0.257830428077144957E+00    0.134577372947123873E-01    0.751117214361250007E+00    0.843334144745411574E+00
    0.157692580323826515E-86    0.113185645051020911E+05    0.530305941818052151E+01    0.726285361701315413E+00    0.114513187650927106E+00    0.124459102034895783E+00    0.136721392421622016E-01    0.697133919125586421E+00    0.828030787422891490E+00
    0.124812405642614990E-59    0.111946925812571517E+05    0.525115081272991890E+01    0.681661104268762030E+00    0.112779351226772961E+00    0.111083657795934376E+00    0.131664687350372019E-01    0.710042433314147514E+00    0.822327216763098390E+00
    0.785326429580895419E-90    0.113337742818027309E+05    0.530305736905591640E+01    0.742627263235014379E+00    0.114103842982041348E+00    0.134717740693412302E+00    0.139562756914325022E-01    0.699419345741029930E+00    0.813271345118275923E+00
    0.233828736191205020E-68    0.112348835587398662E+05    0.525115075562423339E+01    0.679858893725338698E+00    0.112773471343611847E+00    0.164787463093673148E+00    0.122093794320368935E-01    0.732486902749081903E+00    0.853543651025634009E+00
    0.134732763500735114E-46    0.111346724059757598E+05    0.543771440937280204E+01    0.677943085506539034E+00    0.114376148886359899E+00    0.129837888172321170E+00    0.132925974672385844E-01    0.697576089954679235E+00    0.859346250403173029E+00
