 -0.21505700000000000       0.98093266930117196     
 -0.20505700000000002       0.98090610125139432     
 -0.19505700000000001       0.98088084834313072     
 -0.18505700000000000       0.98085690277213011     
 -0.17505700000000002       0.98083425702189353     
 -0.16505700000000001       0.98081290333425986     
 -0.15505700000000000       0.98079283720283461     
 -0.14505699999999999       0.98077404775889154     
 -0.13505700000000001       0.98075652171202199     
 -0.12505700000000000       0.98073983049980240     
 -0.11505700000000001       0.98072541341399178     
 -0.10505700000000001       0.98071167697347927     
  -9.5057000000000003E-002  0.98069921856115139     
  -8.5056999999999994E-002  0.98068801861667132     
  -7.5057000000000013E-002  0.98067807147104247     
  -6.5057000000000004E-002  0.98066937351551331     
  -5.5056999999999995E-002  0.98066192163143862     
  -4.5057000000000014E-002  0.98065571376000271     
  -3.5057000000000005E-002  0.98065074800752106     
  -2.5056999999999996E-002  0.98064702286515348     
  -1.5057000000000015E-002  0.98064453729471024     
  -5.0570000000000059E-003  0.98064329056740596     
   4.9430000000000029E-003  0.98064328349483987     
   1.4942999999999984E-002  0.98064451610216219     
   2.4942999999999993E-002  0.98064698754631074     
   3.4943000000000002E-002  0.98065069855165998     
   4.4943000000000011E-002  0.98065565015408851     
   5.4943000000000020E-002  0.98066184385583965     
   6.4942999999999973E-002  0.98066928154414756     
   7.4942999999999982E-002  0.98067796528090090     
   8.4942999999999991E-002  0.98068789816651747     
   9.4943000000000000E-002  0.98069908380264459     
  0.10494300000000001       0.98071152779124449     
  0.11494300000000002       0.98072524909156977     
  0.12494300000000003       0.98073958009175166     
  0.13494299999999998       0.98075632894712195     
  0.14494299999999999       0.98077384083851837     
  0.15494300000000000       0.98079261581933486     
  0.16494300000000001       0.98081266730741523     
  0.17494300000000002       0.98083400632414153     
  0.18494300000000002       0.98085663730027339     
  0.19494299999999998       0.98088056801120382     
  0.20494299999999999       0.98090580597260157     
  0.21494300000000000       0.98093235898423559     
  0.22494300000000000       0.98096023494454654     
  0.23494300000000001       0.98098944340459548     
  0.24494300000000002       0.98101999291172004     
  0.25494299999999998       0.98105189322647157     
  0.26494299999999998       0.98108515467504620     
  0.27494299999999999       0.98111978803693445     
  0.28494300000000000       0.98115580470852970     
  0.29494300000000001       0.98119321668813875     
  0.30494300000000002       0.98123203660399605     
  0.31494300000000003       0.98127227774238479     
  0.32494300000000004       0.98131395407708211     
  0.33494300000000005       0.98135708030069035     
  0.34494300000000006       0.98140167185820182     
  0.35494299999999995       0.98144774498306242     
  0.36494299999999996       0.98149531673599433     
  0.37494299999999997       0.98154440476587945     
  0.38494299999999998       0.98159502854416614     
  0.39494299999999999       0.98164720751484846     
  0.40494300000000000       0.98170096250552086     
  0.41494300000000001       0.98175631541531605     
  0.42494300000000002       0.98181328927722455     
  0.43494300000000002       0.98187190832556315     
  0.44494300000000003       0.98193219806918319     
  0.45494300000000004       0.98199418537107230     
  0.46494300000000005       0.98205789853506897     
  0.47494300000000006       0.98212336740049733     
  0.48494299999999996       0.98219062344563679     
  0.49494299999999997       0.98225969990106321     
  0.50494299999999992       0.98233063187404601     
  0.51494299999999993       0.98240345648535621     
  0.52494299999999994       0.98247821302004734     
  0.53494299999999995       0.98255494309400970     
  0.54494299999999996       0.98263369083838359     
  0.55494299999999996       0.98271450310426212     
  0.56494299999999997       0.98279742969051886     
  0.57494299999999998       0.98288252359808626     
  0.58494299999999999       0.98296984131460807     
  0.59494300000000000       0.98305944313411053     
  0.60494300000000001       0.98315139351721259     
  0.61494300000000002       0.98324576149849530     
  0.62494300000000003       0.98334262114898352     
  0.63494300000000004       0.98344205210338442     
  0.64494300000000004       0.98354414016382830     
  0.65494300000000005       0.98364897799454865     
  0.66494300000000006       0.98375666592535249     
  0.67494300000000007       0.98386731288617235     
  0.68494300000000008       0.98398103750075838     
  0.69494300000000009       0.98409796937521110     
  0.70494300000000010       0.98421825062726076     
  0.71494300000000011       0.98434203771603668     
  0.72494300000000012       0.98446950365113073     
  0.73494299999999990       0.98460084068645282     
  0.74494299999999991       0.98473626364246625     
  0.75494299999999992       0.98487601405596548     
  0.76494299999999993       0.98502036543959559     
  0.77494299999999994       0.98516963006093239     
