  2458999.50000000   9.8936113158157502E-01
  2458999.50050025   9.8936119685808410E-01
  2458999.50100050   9.8936126443694816E-01
  2458999.50150075   9.8936133431307949E-01
  2458999.50200100   9.8936140648139459E-01
  2458999.50250125   9.8936148093681475E-01
  2458999.50300150   9.8936155767426415E-01
  2458999.50350175   9.8936163668867239E-01
  2458999.50400200   9.8936171797497219E-01
  2458999.50450225   9.8936180152810060E-01
  2458999.50500250   9.8936188734299857E-01
  2458999.50550275   9.8936197541461102E-01
  2458999.50600300   9.8936206573788665E-01
  2458999.50650325   9.8936215830777807E-01
  2458999.50700350   9.8936225311915216E-01
  2458999.50750375   9.8936235016714591E-01
  2458999.50800400   9.8936244944663576E-01
  2458999.50850425   9.8936255095258940E-01
  2458999.50900450   9.8936265467997830E-01
  2458999.50950475   9.8936276062377693E-01
  2458999.51000500   9.8936286877896418E-01
  2458999.51050525   9.8936297914052185E-01
  2458999.51100550   9.8936309170343528E-01
  2458999.51150575   9.8936320646269382E-01
  2458999.51200600   9.8936332341328992E-01
  2458999.51250625   9.8936344255021924E-01
  2458999.51300650   9.8936356386848123E-01
  2458999.51350675   9.8936368736307845E-01
  2458999.51400700   9.8936381302901666E-01
  2458999.51450725   9.8936394086130530E-01
  2458999.51500750   9.8936407085495670E-01
  2458999.51550775   9.8936420300498629E-01
  2458999.51600800   9.8936433730641316E-01
  2458999.51650825   9.8936447375425918E-01
  2458999.51700850   9.8936461234354922E-01
  2458999.51750875   9.8936475306931149E-01
  2458999.51800900   9.8936489592657717E-01
  2458999.51850925   9.8936504091038024E-01
  2458999.51900950   9.8936518801575812E-01
  2458999.51950976   9.8936533723775055E-01
  2458999.52001001   9.8936548857140072E-01
  2458999.52051026   9.8936564201175448E-01
  2458999.52101051   9.8936579755371445E-01
  2458999.52151076   9.8936595519262172E-01
  2458999.52201101   9.8936611492338722E-01
  2458999.52251126   9.8936627674106725E-01
  2458999.52301151   9.8936644064072199E-01
  2458999.52351176   9.8936660661741371E-01
  2458999.52401201   9.8936677466620726E-01
  2458999.52451226   9.8936694478217035E-01
  2458999.52501251   9.8936711696037349E-01
  2458999.52551276   9.8936729119588895E-01
  2458999.52601301   9.8936746748379245E-01
  2458999.52651326   9.8936764581916159E-01
  2458999.52701351   9.8936782619707664E-01
  2458999.52751376   9.8936800861262020E-01
  2458999.52801401   9.8936819306087742E-01
  2458999.52851426   9.8936837953693590E-01
  2458999.52901451   9.8936856803588502E-01
  2458999.52951476   9.8936875855281725E-01
  2458999.53001501   9.8936895108282663E-01
  2458999.53051526   9.8936914562101008E-01
  2458999.53101551   9.8936934216246608E-01
  2458999.53151576   9.8936954070229599E-01
  2458999.53201601   9.8936974123560273E-01
  2458999.53251626   9.8936994375749165E-01
  2458999.53301651   9.8937014826307024E-01
  2458999.53351676   9.8937035474744783E-01
  2458999.53401701   9.8937056320573602E-01
  2458999.53451726   9.8937077363285142E-01
  2458999.53501751   9.8937098602430140E-01
  2458999.53551776   9.8937120037500847E-01
  2458999.53601801   9.8937141668009210E-01
  2458999.53651826   9.8937163493467328E-01
  2458999.53701851   9.8937185513387549E-01
  2458999.53751876   9.8937207727282350E-01
  2458999.53801901   9.8937230134664411E-01
  2458999.53851926   9.8937252735046610E-01
  2458999.53901951   9.8937275527941981E-01
  2458999.53951976   9.8937298512863725E-01
  2458999.54002001   9.8937321689325219E-01
  2458999.54052026   9.8937345056839998E-01
  2458999.54102051   9.8937368614921806E-01
  2458999.54152076   9.8937392363084498E-01
  2458999.54202101   9.8937416300842107E-01
  2458999.54252126   9.8937440427708823E-01
  2458999.54302151   9.8937464743198988E-01
  2458999.54352176   9.8937489246827115E-01
  2458999.54402201   9.8937513938107857E-01
  2458999.54452226   9.8937538816555970E-01
  2458999.54502251   9.8937563881686408E-01
  2458999.54552276   9.8937589133014248E-01
  2458999.54602301   9.8937614570054710E-01
  2458999.54652326   9.8937640192323129E-01
  2458999.54702351   9.8937665999335012E-01
  2458999.54752376   9.8937691990605969E-01
  2458999.54802401   9.8937718165627286E-01
  2458999.54852426   9.8937744523963556E-01
  2458999.54902451   9.8937771065106517E-01
  2458999.54952476   9.8937797788572257E-01
  2458999.55002501   9.8937824693877030E-01
  2458999.55052526   9.8937851780537156E-01
  2458999.55102551   9.8937879048069133E-01
  2458999.55152576   9.8937906495989481E-01
  2458999.55202601   9.8937934123814930E-01
  2458999.55252626   9.8937961931062257E-01
  2458999.55302651   9.8937989917248337E-01
  2458999.55352676   9.8938018081890189E-01
  2458999.55402701   9.8938046424504855E-01
  2458999.55452726   9.8938074944609566E-01
  2458999.55502751   9.8938103641721586E-01
  2458999.55552776   9.8938132515358279E-01
  2458999.55602801   9.8938161565037142E-01
  2458999.55652826   9.8938190790275671E-01
  2458999.55702851   9.8938220190591541E-01
  2458999.55752876   9.8938249765502473E-01
  2458999.55802901   9.8938279514526228E-01
  2458999.55852926   9.8938309437180716E-01
  2458999.55902951   9.8938339532983866E-01
  2458999.55952977   9.8938369801453707E-01
  2458999.56003002   9.8938400242108315E-01
  2458999.56053027   9.8938430854465897E-01
  2458999.56103052   9.8938461638044650E-01
  2458999.56153077   9.8938492592362870E-01
  2458999.56203102   9.8938523716909899E-01
  2458999.56253127   9.8938555011262053E-01
  2458999.56303152   9.8938586474908929E-01
  2458999.56353177   9.8938618107369070E-01
  2458999.56403202   9.8938649908161047E-01
  2458999.56453227   9.8938681876803491E-01
  2458999.56503252   9.8938714012815121E-01
  2458999.56553277   9.8938746315714621E-01
  2458999.56603302   9.8938778785020809E-01
  2458999.56653327   9.8938811420252493E-01
  2458999.56703352   9.8938844220928512E-01
  2458999.56753377   9.8938877186567808E-01
  2458999.56803402   9.8938910316689288E-01
  2458999.56853427   9.8938943610811925E-01
  2458999.56903452   9.8938977068454759E-01
  2458999.56953477   9.8939010689136786E-01
  2458999.57003502   9.8939044472377080E-01
  2458999.57053527   9.8939078417694737E-01
  2458999.57103552   9.8939112524608874E-01
  2458999.57153577   9.8939146792638633E-01
  2458999.57203602   9.8939181221303163E-01
  2458999.57253627   9.8939215810121661E-01
  2458999.57303652   9.8939250558613301E-01
  2458999.57353677   9.8939285466297300E-01
  2458999.57403702   9.8939320532692898E-01
  2458999.57453727   9.8939355757319303E-01
  2458999.57503752   9.8939391139695787E-01
  2458999.57553777   9.8939426679308418E-01
  2458999.57603802   9.8939462375742648E-01
  2458999.57653827   9.8939498228484701E-01
  2458999.57703852   9.8939534237053850E-01
  2458999.57753877   9.8939570400969368E-01
  2458999.57803902   9.8939606719750506E-01
  2458999.57853927   9.8939643192916515E-01
  2458999.57903952   9.8939679819986670E-01
  2458999.57953977   9.8939716600480188E-01
  2458999.58004002   9.8939753533916319E-01
  2458999.58054027   9.8939790619814294E-01
  2458999.58104052   9.8939827857693308E-01
  2458999.58154077   9.8939865247072567E-01
  2458999.58204102   9.8939902787471246E-01
  2458999.58254127   9.8939940478408561E-01
  2458999.58304152   9.8939978319403565E-01
  2458999.58354177   9.8940016309975454E-01
  2458999.58404202   9.8940054449643311E-01
  2458999.58454227   9.8940092737926189E-01
  2458999.58504252   9.8940131174343182E-01
  2458999.58554277   9.8940169758413277E-01
  2458999.58604302   9.8940208489655479E-01
  2458999.58654327   9.8940247367588741E-01
  2458999.58704352   9.8940286391732013E-01
  2458999.58754377   9.8940325561604181E-01
  2458999.58804402   9.8940364876724107E-01
  2458999.58854427   9.8940404336610599E-01
  2458999.58904452   9.8940443940745515E-01
  2458999.58954477   9.8940483688721348E-01
  2458999.59004502   9.8940523580019979E-01
  2458999.59054527   9.8940563614160060E-01
  2458999.59104552   9.8940603790660231E-01
  2458999.59154577   9.8940644109039022E-01
  2458999.59204602   9.8940684568814974E-01
  2458999.59254627   9.8940725169506549E-01
  2458999.59304652   9.8940765910632145E-01
  2458999.59354677   9.8940806791710145E-01
  2458999.59404702   9.8940847812258859E-01
  2458999.59454727   9.8940888971796548E-01
  2458999.59504752   9.8940930269841376E-01
  2458999.59554777   9.8940971705911518E-01
  2458999.59604802   9.8941013279525025E-01
  2458999.59654827   9.8941054990199917E-01
  2458999.59704852   9.8941096837454157E-01
  2458999.59754877   9.8941138820805641E-01
  2458999.59804902   9.8941180939772189E-01
  2458999.59854927   9.8941223193871541E-01
  2458999.59904952   9.8941265582621440E-01
  2458999.59954978   9.8941308105539438E-01
  2458999.60005003   9.8941350762143132E-01
  2458999.60055028   9.8941393551949997E-01
  2458999.60105053   9.8941436474477407E-01
  2458999.60155078   9.8941479529242726E-01
  2458999.60205103   9.8941522715763186E-01
  2458999.60255128   9.8941566033555983E-01
  2458999.60305153   9.8941609482097703E-01
  2458999.60355178   9.8941653060986245E-01
  2458999.60405203   9.8941696769698184E-01
  2458999.60455228   9.8941740607750361E-01
  2458999.60505253   9.8941784574659553E-01
  2458999.60555278   9.8941828669942455E-01
  2458999.60605303   9.8941872893115668E-01
  2458999.60655328   9.8941917243695676E-01
  2458999.60705353   9.8941961721198968E-01
  2458999.60755378   9.8942006325141840E-01
  2458999.60805403   9.8942051055040547E-01
  2458999.60855428   9.8942095910411265E-01
  2458999.60905453   9.8942140890770025E-01
  2458999.60955478   9.8942185995632836E-01
  2458999.61005503   9.8942231224515531E-01
  2458999.61055528   9.8942276576933941E-01
  2458999.61105553   9.8942322052403719E-01
  2458999.61155578   9.8942367650440466E-01
  2458999.61205603   9.8942413370559623E-01
  2458999.61255628   9.8942459212276646E-01
  2458999.61305653   9.8942505175106787E-01
  2458999.61355678   9.8942551258565226E-01
  2458999.61405703   9.8942597462167059E-01
  2458999.61455728   9.8942643785427231E-01
  2458999.61505753   9.8942690227860652E-01
  2458999.61555778   9.8942736788982066E-01
  2458999.61605803   9.8942783468306139E-01
  2458999.61655828   9.8942830265303794E-01
  2458999.61705853   9.8942877179576616E-01
  2458999.61755878   9.8942924210595418E-01
  2458999.61805903   9.8942971357874432E-01
  2458999.61855928   9.8943018620927747E-01
  2458999.61905953   9.8943065999269375E-01
  2458999.61955978   9.8943113492413215E-01
  2458999.62006003   9.8943161099873012E-01
  2458999.62056028   9.8943208821162443E-01
  2458999.62106053   9.8943256655795009E-01
  2458999.62156078   9.8943304603284188E-01
  2458999.62206103   9.8943352663143247E-01
  2458999.62256128   9.8943400834885387E-01
  2458999.62306153   9.8943449118023652E-01
  2458999.62356178   9.8943497512071032E-01
  2458999.62406203   9.8943546016540329E-01
  2458999.62456228   9.8943594630944254E-01
  2458999.62506253   9.8943643354795396E-01
  2458999.62556278   9.8943692187606191E-01
  2458999.62606303   9.8943741128889007E-01
  2458999.62656328   9.8943790178156044E-01
  2458999.62706353   9.8943839334919392E-01
  2458999.62756378   9.8943888598691010E-01
  2458999.62806403   9.8943937968982731E-01
  2458999.62856428   9.8943987445306303E-01
  2458999.62906453   9.8944037027173248E-01
  2458999.62956478   9.8944086714095048E-01
  2458999.63006503   9.8944136505583036E-01
  2458999.63056528   9.8944186401101897E-01
  2458999.63106553   9.8944236400255592E-01
  2458999.63156578   9.8944286502508660E-01
  2458999.63206603   9.8944336707371905E-01
  2458999.63256628   9.8944387014355983E-01
  2458999.63306653   9.8944437422971454E-01
  2458999.63356678   9.8944487932728709E-01
  2458999.63406703   9.8944538543138028E-01
  2458999.63456728   9.8944589253709536E-01
  2458999.63506753   9.8944640063953226E-01
  2458999.63556778   9.8944690973379024E-01
  2458999.63606803   9.8944741981496587E-01
  2458999.63656828   9.8944793087815575E-01
  2458999.63706853   9.8944844291845402E-01
  2458999.63756878   9.8944895593095405E-01
  2458999.63806903   9.8944946991074778E-01
  2458999.63856928   9.8944998485292568E-01
  2458999.63906953   9.8945050075257668E-01
  2458999.63956978   9.8945101760478860E-01
  2458999.64007004   9.8945153540464792E-01
  2458999.64057029   9.8945205414723925E-01
  2458999.64107054   9.8945257382764640E-01
  2458999.64157079   9.8945309444095131E-01
  2458999.64207104   9.8945361598223480E-01
  2458999.64257129   9.8945413844657615E-01
  2458999.64307154   9.8945466182905328E-01
  2458999.64357179   9.8945518612474259E-01
  2458999.64407204   9.8945571132822996E-01
  2458999.64457229   9.8945623743556688E-01
  2458999.64507254   9.8945676444133690E-01
  2458999.64557279   9.8945729234061108E-01
  2458999.64607304   9.8945782112845859E-01
  2458999.64657329   9.8945835079994748E-01
  2458999.64707354   9.8945888135014426E-01
  2458999.64757379   9.8945941277411387E-01
  2458999.64807404   9.8945994506692025E-01
  2458999.64857429   9.8946047822362526E-01
  2458999.64907454   9.8946101223929017E-01
  2458999.64957479   9.8946154710897383E-01
  2458999.65007504   9.8946208282773418E-01
  2458999.65057529   9.8946261939062807E-01
  2458999.65107554   9.8946315679271002E-01
  2458999.65157579   9.8946369502903386E-01
  2458999.65207604   9.8946423409465167E-01
  2458999.65257629   9.8946477398461385E-01
  2458999.65307654   9.8946531469397003E-01
  2458999.65357679   9.8946585621776761E-01
  2458999.65407704   9.8946639855105312E-01
  2458999.65457729   9.8946694168887128E-01
  2458999.65507754   9.8946748562626563E-01
  2458999.65557779   9.8946803035827813E-01
  2458999.65607804   9.8946857587994907E-01
  2458999.65657829   9.8946912218631777E-01
  2458999.65707854   9.8946966927242186E-01
  2458999.65757879   9.8947021713278693E-01
  2458999.65807904   9.8947076576346771E-01
  2458999.65857929   9.8947131515898801E-01
  2458999.65907954   9.8947186531437947E-01
  2458999.65957979   9.8947241622467252E-01
  2458999.66008004   9.8947296788489614E-01
  2458999.66058029   9.8947352029007762E-01
  2458999.66108054   9.8947407343524330E-01
  2458999.66158079   9.8947462731541758E-01
  2458999.66208104   9.8947518192562356E-01
  2458999.66258129   9.8947573726088311E-01
  2458999.66308154   9.8947629331621645E-01
  2458999.66358179   9.8947685008664243E-01
  2458999.66408204   9.8947740756717828E-01
  2458999.66458229   9.8947796575284042E-01
  2458999.66508254   9.8947852463864294E-01
  2458999.66558279   9.8947908421959918E-01
  2458999.66608304   9.8947964449072068E-01
  2458999.66658329   9.8948020544701820E-01
  2458999.66708354   9.8948076708349997E-01
  2458999.66758379   9.8948132939517375E-01
  2458999.66808404   9.8948189237704565E-01
  2458999.66858429   9.8948245602412022E-01
  2458999.66908454   9.8948302033140056E-01
  2458999.66958479   9.8948358529388858E-01
  2458999.67008504   9.8948415090658470E-01
  2458999.67058529   9.8948471716448805E-01
  2458999.67108554   9.8948528406259628E-01
  2458999.67158579   9.8948585159537683E-01
  2458999.67208604   9.8948641975888119E-01
  2458999.67258629   9.8948698854757522E-01
  2458999.67308654   9.8948755795645049E-01
  2458999.67358679   9.8948812798049812E-01
  2458999.67408704   9.8948869861470745E-01
  2458999.67458729   9.8948926985406616E-01
  2458999.67508754   9.8948984169356147E-01
  2458999.67558779   9.8949041412817829E-01
  2458999.67608804   9.8949098715290063E-01
  2458999.67658829   9.8949156076271128E-01
  2458999.67708854   9.8949213495259147E-01
  2458999.67758879   9.8949270971752090E-01
  2458999.67808904   9.8949328505247869E-01
  2458999.67858929   9.8949386095244185E-01
  2458999.67908954   9.8949443741238652E-01
  2458999.67958979   9.8949501442728716E-01
  2458999.68009005   9.8949559199211745E-01
  2458999.68059030   9.8949617010184931E-01
  2458999.68109055   9.8949674875145377E-01
  2458999.68159080   9.8949732793590017E-01
  2458999.68209105   9.8949790765015677E-01
  2458999.68259130   9.8949848788919081E-01
  2458999.68309155   9.8949906864796788E-01
  2458999.68359180   9.8949964992145245E-01
  2458999.68409205   9.8950023170460788E-01
  2458999.68459230   9.8950081399239598E-01
  2458999.68509255   9.8950139677923488E-01
  2458999.68559280   9.8950198006116918E-01
  2458999.68609305   9.8950256383261492E-01
  2458999.68659330   9.8950314808852935E-01
  2458999.68709355   9.8950373282386817E-01
  2458999.68759380   9.8950431803358641E-01
  2458999.68809405   9.8950490371263722E-01
  2458999.68859430   9.8950548985597331E-01
  2458999.68909455   9.8950607645854571E-01
  2458999.68959480   9.8950666351530481E-01
  2458999.69009505   9.8950725102119907E-01
  2458999.69059530   9.8950783897117667E-01
  2458999.69109555   9.8950842736018385E-01
  2458999.69159580   9.8950901618316633E-01
  2458999.69209605   9.8950960543506872E-01
  2458999.69259630   9.8951019511083405E-01
  2458999.69309655   9.8951078520540459E-01
  2458999.69359680   9.8951137571372150E-01
  2458999.69409705   9.8951196663072483E-01
  2458999.69459730   9.8951255795135373E-01
  2458999.69509755   9.8951314967054582E-01
  2458999.69559780   9.8951374178323825E-01
  2458999.69609805   9.8951433428436686E-01
  2458999.69659830   9.8951492716886635E-01
  2458999.69709855   9.8951552043167090E-01
  2458999.69759880   9.8951611406771300E-01
  2458999.69809905   9.8951670807192449E-01
  2458999.69859930   9.8951730243923641E-01
  2458999.69909955   9.8951789716402505E-01
  2458999.69959980   9.8951849224232635E-01
  2458999.70010005   9.8951908766851482E-01
  2458999.70060030   9.8951968343751762E-01
  2458999.70110055   9.8952027954426103E-01
  2458999.70160080   9.8952087598367011E-01
  2458999.70210105   9.8952147275066926E-01
  2458999.70260130   9.8952206984018221E-01
  2458999.70310155   9.8952266724713112E-01
  2458999.70360180   9.8952326496643817E-01
  2458999.70410205   9.8952386299302386E-01
  2458999.70460230   9.8952446132180849E-01
  2458999.70510255   9.8952505994771134E-01
  2458999.70560280   9.8952565886565069E-01
  2458999.70610305   9.8952625807054428E-01
  2458999.70660330   9.8952685755730907E-01
  2458999.70710355   9.8952745732086089E-01
  2458999.70760380   9.8952805735611526E-01
  2458999.70810405   9.8952865765798670E-01
  2458999.70860430   9.8952925822138926E-01
  2458999.70910455   9.8952985904123580E-01
  2458999.70960480   9.8953046011243928E-01
  2458999.71010505   9.8953106142991087E-01
  2458999.71060530   9.8953166298856221E-01
  2458999.71110555   9.8953226478330347E-01
  2458999.71160580   9.8953286680904451E-01
  2458999.71210605   9.8953346906069461E-01
  2458999.71260630   9.8953407153260142E-01
  2458999.71310655   9.8953467422079455E-01
  2458999.71360680   9.8953527711962064E-01
  2458999.71410705   9.8953588022398664E-01
  2458999.71460730   9.8953648352879875E-01
  2458999.71510755   9.8953708702896281E-01
  2458999.71560780   9.8953769071938413E-01
  2458999.71610805   9.8953829459496734E-01
  2458999.71660830   9.8953889865061684E-01
  2458999.71710855   9.8953950288123627E-01
  2458999.71760880   9.8954010728172903E-01
  2458999.71810905   9.8954071184699810E-01
  2458999.71860930   9.8954131657194599E-01
  2458999.71910955   9.8954192145147457E-01
  2458999.71960980   9.8954252648048591E-01
  2458999.72011006   9.8954313165388108E-01
  2458999.72061031   9.8954373696656106E-01
  2458999.72111056   9.8954434241342670E-01
  2458999.72161081   9.8954494798937820E-01
  2458999.72211106   9.8954555368931552E-01
  2458999.72261131   9.8954615950813851E-01
  2458999.72311156   9.8954676544074682E-01
  2458999.72361181   9.8954737148203942E-01
  2458999.72411206   9.8954797762691549E-01
  2458999.72461231   9.8954858387027378E-01
  2458999.72511256   9.8954919020701315E-01
  2458999.72561281   9.8954979663203169E-01
  2458999.72611306   9.8955040313966336E-01
  2458999.72661331   9.8955100972593535E-01
  2458999.72711356   9.8955161638518130E-01
  2458999.72761381   9.8955222311229896E-01
  2458999.72811406   9.8955282990218651E-01
  2458999.72861431   9.8955343674974161E-01
  2458999.72911456   9.8955404364986199E-01
  2458999.72961481   9.8955465059744574E-01
  2458999.73011506   9.8955525758739016E-01
  2458999.73061531   9.8955586461459355E-01
  2458999.73111556   9.8955647167395333E-01
  2458999.73161581   9.8955707876036780E-01
  2458999.73211606   9.8955768586873460E-01
  2458999.73261631   9.8955829299395204E-01
  2458999.73311656   9.8955890013091841E-01
  2458999.73361681   9.8955950727453190E-01
  2458999.73411706   9.8956011441969116E-01
  2458999.73461731   9.8956072156129482E-01
  2458999.73511756   9.8956132869424185E-01
  2458999.73561781   9.8956193581343144E-01
  2458999.73611806   9.8956254291376311E-01
  2458999.73661831   9.8956314999013650E-01
  2458999.73711856   9.8956375703745136E-01
  2458999.73761881   9.8956436405060844E-01
  2458999.73811906   9.8956497102450813E-01
  2458999.73861931   9.8956557795405153E-01
  2458999.73911956   9.8956618483413983E-01
  2458999.73961981   9.8956679165967487E-01
  2458999.74012006   9.8956739842499464E-01
  2458999.74062031   9.8956800512613063E-01
  2458999.74112056   9.8956861175742172E-01
  2458999.74162081   9.8956921831377154E-01
  2458999.74212106   9.8956982479008404E-01
  2458999.74262131   9.8957043118126420E-01
  2458999.74312156   9.8957103748221698E-01
  2458999.74362181   9.8957164368784867E-01
  2458999.74412206   9.8957224979306557E-01
  2458999.74462231   9.8957285579277487E-01
  2458999.74512256   9.8957346168188443E-01
  2458999.74562281   9.8957406745530274E-01
  2458999.74612306   9.8957467310793890E-01
  2458999.74662331   9.8957527863470285E-01
  2458999.74712356   9.8957588403050556E-01
  2458999.74762381   9.8957648929025843E-01
  2458999.74812406   9.8957709440887365E-01
  2458999.74862431   9.8957769938126461E-01
  2458999.74912456   9.8957830420234505E-01
  2458999.74962481   9.8957890886702993E-01
  2458999.75012506   9.8957951337023531E-01
  2458999.75062531   9.8958011770687770E-01
  2458999.75112556   9.8958072187187496E-01
  2458999.75162581   9.8958132586014569E-01
  2458999.75212606   9.8958192966660974E-01
  2458999.75262631   9.8958253328618773E-01
  2458999.75312656   9.8958313671380149E-01
  2458999.75362681   9.8958373994381288E-01
  2458999.75412706   9.8958434297226860E-01
  2458999.75462731   9.8958494579353229E-01
  2458999.75512756   9.8958554840253055E-01
  2458999.75562781   9.8958615079419088E-01
  2458999.75612806   9.8958675296344178E-01
  2458999.75662831   9.8958735490521377E-01
  2458999.75712856   9.8958795661443799E-01
  2458999.75762881   9.8958855808604707E-01
  2458999.75812906   9.8958915931497515E-01
  2458999.75862931   9.8958976029615731E-01
  2458999.75912956   9.8959036102453057E-01
  2458999.75962981   9.8959096149503312E-01
  2458999.76013007   9.8959156170260443E-01
  2458999.76063032   9.8959216164218566E-01
  2458999.76113057   9.8959276130871943E-01
  2458999.76163082   9.8959336069714998E-01
  2458999.76213107   9.8959395980242315E-01
  2458999.76263132   9.8959455861948586E-01
  2458999.76313157   9.8959515714328727E-01
  2458999.76363182   9.8959575536877808E-01
  2458999.76413207   9.8959635329091045E-01
  2458999.76463232   9.8959695090463828E-01
  2458999.76513257   9.8959754820491741E-01
  2458999.76563282   9.8959814518670519E-01
  2458999.76613307   9.8959874184496122E-01
  2458999.76663332   9.8959933817464618E-01
  2458999.76713357   9.8959993417016867E-01
  2458999.76763382   9.8960052982760316E-01
  2458999.76813407   9.8960112514136145E-01
  2458999.76863432   9.8960172010641201E-01
  2458999.76913457   9.8960231471772608E-01
  2458999.76963482   9.8960290897027603E-01
  2458999.77013507   9.8960350285903664E-01
  2458999.77063532   9.8960409637898472E-01
  2458999.77113557   9.8960468952509950E-01
  2458999.77163582   9.8960528229236178E-01
  2458999.77213607   9.8960587467575489E-01
  2458999.77263632   9.8960646667026431E-01
  2458999.77313657   9.8960705827087758E-01
  2458999.77363682   9.8960764947258473E-01
  2458999.77413707   9.8960824027037797E-01
  2458999.77463732   9.8960883065925198E-01
  2458999.77513757   9.8960942063420354E-01
  2458999.77563782   9.8961001019023176E-01
  2458999.77613807   9.8961059932233875E-01
  2458999.77663832   9.8961118802552861E-01
  2458999.77713857   9.8961177629480768E-01
  2458999.77763882   9.8961236412518550E-01
  2458999.77813907   9.8961295151167350E-01
  2458999.77863932   9.8961353844928623E-01
  2458999.77913957   9.8961412493304057E-01
  2458999.77963982   9.8961471095795606E-01
  2458999.78014007   9.8961529651905500E-01
  2458999.78064032   9.8961588161136238E-01
  2458999.78114057   9.8961646622936195E-01
  2458999.78164082   9.8961705036917269E-01
  2458999.78214107   9.8961763402528347E-01
  2458999.78264132   9.8961821719273058E-01
  2458999.78314157   9.8961879986655299E-01
  2458999.78364182   9.8961938204179267E-01
  2458999.78414207   9.8961996371349470E-01
  2458999.78464232   9.8962054487670714E-01
  2458999.78514257   9.8962112552648063E-01
  2458999.78564282   9.8962170565786955E-01
  2458999.78614307   9.8962228526593099E-01
  2458999.78664332   9.8962286434572511E-01
  2458999.78714357   9.8962344289231519E-01
  2458999.78764382   9.8962402090076818E-01
  2458999.78814407   9.8962459836615368E-01
  2458999.78864432   9.8962517528354499E-01
  2458999.78914457   9.8962575164801836E-01
  2458999.78964482   9.8962632745465384E-01
  2458999.79014507   9.8962690269853426E-01
  2458999.79064532   9.8962747737474666E-01
  2458999.79114557   9.8962805147838051E-01
  2458999.79164582   9.8962862500452964E-01
  2458999.79214607   9.8962919794829096E-01
  2458999.79264632   9.8962977030476518E-01
  2458999.79314657   9.8963034206905620E-01
  2458999.79364682   9.8963091323627206E-01
  2458999.79414707   9.8963148380152410E-01
  2458999.79464732   9.8963205375939745E-01
  2458999.79514757   9.8963262310607192E-01
  2458999.79564782   9.8963319183613918E-01
  2458999.79614807   9.8963375994472613E-01
  2458999.79664832   9.8963432742696289E-01
  2458999.79714857   9.8963489427798379E-01
  2458999.79764882   9.8963546049292705E-01
  2458999.79814907   9.8963602606693457E-01
  2458999.79864932   9.8963659099515255E-01
  2458999.79914957   9.8963715527273133E-01
  2458999.79964982   9.8963771889482499E-01
  2458999.80015007   9.8963828185659208E-01
  2458999.80065033   9.8963884415319503E-01
  2458999.80115058   9.8963940577980025E-01
  2458999.80165083   9.8963996673157906E-01
  2458999.80215108   9.8964052700370664E-01
  2458999.80265133   9.8964108659136207E-01
  2458999.80315158   9.8964164548972977E-01
  2458999.80365183   9.8964220369399769E-01
  2458999.80415208   9.8964276119935846E-01
  2458999.80465233   9.8964331800100902E-01
  2458999.80515258   9.8964387409415144E-01
  2458999.80565283   9.8964442947399145E-01
  2458999.80615308   9.8964498413573998E-01
  2458999.80665333   9.8964553807461231E-01
  2458999.80715358   9.8964609128582859E-01
  2458999.80765383   9.8964664376461320E-01
  2458999.80815408   9.8964719550619562E-01
  2458999.80865433   9.8964774650529774E-01
  2458999.80915458   9.8964829675818433E-01
  2458999.80965483   9.8964884625958582E-01
  2458999.81015508   9.8964939500475113E-01
  2458999.81065533   9.8964994298893394E-01
  2458999.81115558   9.8965049020739282E-01
  2458999.81165583   9.8965103665539145E-01
  2458999.81215608   9.8965158232819872E-01
  2458999.81265633   9.8965212722108842E-01
  2458999.81315658   9.8965267132933921E-01
  2458999.81365683   9.8965321464823564E-01
  2458999.81415708   9.8965375717306692E-01
  2458999.81465733   9.8965429889912748E-01
  2458999.81515758   9.8965483982171742E-01
  2458999.81565783   9.8965537993614205E-01
  2458999.81615808   9.8965591923771179E-01
  2458999.81665833   9.8965645772174260E-01
  2458999.81715858   9.8965699538355645E-01
  2458999.81765883   9.8965753221847985E-01
  2458999.81815908   9.8965806822184554E-01
  2458999.81865933   9.8965860338899181E-01
  2458999.81915958   9.8965913771526204E-01
  2458999.81965983   9.8965967119600584E-01
  2458999.82016008   9.8966020382657860E-01
  2458999.82066033   9.8966073560234080E-01
  2458999.82116058   9.8966126651865949E-01
  2458999.82166083   9.8966179657090680E-01
  2458999.82216108   9.8966232575396917E-01
  2458999.82266133   9.8966285406421606E-01
  2458999.82316158   9.8966338149654476E-01
  2458999.82366183   9.8966390804635140E-01
  2458999.82416208   9.8966443370903834E-01
  2458999.82466233   9.8966495848001412E-01
  2458999.82516258   9.8966548235469298E-01
  2458999.82566283   9.8966600532849602E-01
  2458999.82616308   9.8966652739684979E-01
  2458999.82666333   9.8966704855518761E-01
  2458999.82716358   9.8966756879894890E-01
  2458999.82766383   9.8966808812357954E-01
  2458999.82816408   9.8966860652453170E-01
  2458999.82866433   9.8966912399726392E-01
  2458999.82916458   9.8966964053724127E-01
  2458999.82966483   9.8967015613993548E-01
  2458999.83016508   9.8967067080082460E-01
  2458999.83066533   9.8967118451539349E-01
  2458999.83116558   9.8967169727913329E-01
  2458999.83166583   9.8967220908754228E-01
  2458999.83216608   9.8967271993612538E-01
  2458999.83266633   9.8967322982039407E-01
  2458999.83316658   9.8967373873586650E-01
  2458999.83366683   9.8967424667806825E-01
  2458999.83416708   9.8967475364253110E-01
  2458999.83466733   9.8967525962479475E-01
  2458999.83516758   9.8967576462040452E-01
  2458999.83566783   9.8967626862444547E-01
  2458999.83616808   9.8967677163341583E-01
  2458999.83666833   9.8967727364241309E-01
  2458999.83716858   9.8967777464701201E-01
  2458999.83766883   9.8967827464279434E-01
  2458999.83816908   9.8967877362534884E-01
  2458999.83866933   9.8967927159027158E-01
  2458999.83916958   9.8967976853316630E-01
  2458999.83966983   9.8968026444964408E-01
  2458999.84017008   9.8968075933532307E-01
  2458999.84067034   9.8968125318582911E-01
  2458999.84117059   9.8968174599679570E-01
  2458999.84167084   9.8968223776386366E-01
  2458999.84217109   9.8968272848268135E-01
  2458999.84267134   9.8968321814890525E-01
  2458999.84317159   9.8968370675819906E-01
  2458999.84367184   9.8968419430623422E-01
  2458999.84417209   9.8968468078869032E-01
  2458999.84467234   9.8968516620125424E-01
  2458999.84517259   9.8968565053962132E-01
  2458999.84567284   9.8968613379949444E-01
  2458999.84617309   9.8968661597658469E-01
  2458999.84667334   9.8968709706661062E-01
  2458999.84717359   9.8968757706529942E-01
  2458999.84767384   9.8968805596838616E-01
  2458999.84817409   9.8968853377161414E-01
  2458999.84867434   9.8968901047073443E-01
  2458999.84917459   9.8968948606150686E-01
  2458999.84967484   9.8968996053925806E-01
  2458999.85017509   9.8969043390064759E-01
  2458999.85067534   9.8969090614101796E-01
  2458999.85117559   9.8969137725616174E-01
  2458999.85167584   9.8969184724188075E-01
  2458999.85217609   9.8969231609398445E-01
  2458999.85267634   9.8969278380829151E-01
  2458999.85317659   9.8969325038062894E-01
  2458999.85367684   9.8969371580683219E-01
  2458999.85417709   9.8969418008274579E-01
  2458999.85467734   9.8969464320422251E-01
  2458999.85517759   9.8969510516712456E-01
  2458999.85567784   9.8969556596732200E-01
  2458999.85617809   9.8969602560069447E-01
  2458999.85667834   9.8969648406313027E-01
  2458999.85717859   9.8969694135052677E-01
  2458999.85767884   9.8969739745879004E-01
  2458999.85817909   9.8969785238383556E-01
  2458999.85867934   9.8969830612158771E-01
  2458999.85917959   9.8969875866797963E-01
  2458999.85967984   9.8969921001895433E-01
  2458999.86018009   9.8969966017046351E-01
  2458999.86068034   9.8970010911846817E-01
  2458999.86118059   9.8970055685893898E-01
  2458999.86168084   9.8970100338785538E-01
  2458999.86218109   9.8970144870120669E-01
  2458999.86268134   9.8970189279499154E-01
  2458999.86318159   9.8970233566480603E-01
  2458999.86368184   9.8970277730749256E-01
  2458999.86418209   9.8970321771866532E-01
  2458999.86468234   9.8970365689436102E-01
  2458999.86518259   9.8970409483062594E-01
  2458999.86568284   9.8970453152351656E-01
  2458999.86618309   9.8970496696909849E-01
  2458999.86668334   9.8970540116344741E-01
  2458999.86718359   9.8970583410264856E-01
  2458999.86768384   9.8970626578279797E-01
  2458999.86818409   9.8970669620000040E-01
  2458999.86868434   9.8970712535037131E-01
  2458999.86918459   9.8970755323003590E-01
  2458999.86968484   9.8970797983512970E-01
  2458999.87018509   9.8970840516179781E-01
  2458999.87068534   9.8970882920619629E-01
  2458999.87118559   9.8970925196449067E-01
  2458999.87168584   9.8970967343285687E-01
  2458999.87218609   9.8971009360748163E-01
  2458999.87268634   9.8971051248456121E-01
  2458999.87318659   9.8971093006030275E-01
  2458999.87368684   9.8971134633092372E-01
  2458999.87418709   9.8971176129265204E-01
  2458999.87468734   9.8971217494172603E-01
  2458999.87518759   9.8971258727439471E-01
  2458999.87568784   9.8971299828691761E-01
  2458999.87618809   9.8971340797556495E-01
  2458999.87668834   9.8971381633661770E-01
  2458999.87718859   9.8971422336598902E-01
  2458999.87768884   9.8971462906073904E-01
  2458999.87818909   9.8971503341680156E-01
  2458999.87868934   9.8971543643050075E-01
  2458999.87918959   9.8971583809817143E-01
  2458999.87968984   9.8971623841615930E-01
  2458999.88019009   9.8971663738082150E-01
  2458999.88069035   9.8971703498852603E-01
  2458999.88119060   9.8971743123565170E-01
  2458999.88169085   9.8971782611858872E-01
  2458999.88219110   9.8971821963373841E-01
  2458999.88269135   9.8971861177751319E-01
  2458999.88319160   9.8971900254633693E-01
  2458999.88369185   9.8971939193664482E-01
  2458999.88419210   9.8971977994488292E-01
  2458999.88469235   9.8972016656750916E-01
  2458999.88519260   9.8972055180099305E-01
  2458999.88569285   9.8972093564181485E-01
  2458999.88619310   9.8972131808646702E-01
  2458999.88669335   9.8972169913145325E-01
  2458999.88719360   9.8972207877328877E-01
  2458999.88769385   9.8972245700850081E-01
  2458999.88819410   9.8972283383362802E-01
  2458999.88869435   9.8972320924522084E-01
  2458999.88919460   9.8972358323984133E-01
  2458999.88969485   9.8972395581406369E-01
  2458999.89019510   9.8972432696447377E-01
  2458999.89069535   9.8972469668732566E-01
  2458999.89119560   9.8972506497991763E-01
  2458999.89169585   9.8972543183852635E-01
  2458999.89219610   9.8972579725978571E-01
  2458999.89269635   9.8972616124034174E-01
  2458999.89319660   9.8972652377685177E-01
  2458999.89369685   9.8972688486598659E-01
  2458999.89419710   9.8972724450442806E-01
  2458999.89469735   9.8972760268887050E-01
  2458999.89519760   9.8972795941602121E-01
  2458999.89569785   9.8972831468259892E-01
  2458999.89619810   9.8972866848533536E-01
  2458999.89669835   9.8972902082097436E-01
  2458999.89719860   9.8972937168627229E-01
  2458999.89769885   9.8972972107799795E-01
  2458999.89819910   9.8973006899293259E-01
  2458999.89869935   9.8973041542787044E-01
  2458999.89919960   9.8973076037961782E-01
  2458999.89969985   9.8973110384499408E-01
  2458999.90020010   9.8973144582083095E-01
  2458999.90070035   9.8973178630397318E-01
  2458999.90120060   9.8973212529127841E-01
  2458999.90170085   9.8973246277961657E-01
  2458999.90220110   9.8973279876587095E-01
  2458999.90270135   9.8973313324693757E-01
  2458999.90320160   9.8973346621972513E-01
  2458999.90370185   9.8973379768115577E-01
  2458999.90420210   9.8973412762785806E-01
  2458999.90470235   9.8973445605739419E-01
  2458999.90520260   9.8973478296641748E-01
  2458999.90570285   9.8973510835190215E-01
  2458999.90620310   9.8973543221083549E-01
  2458999.90670335   9.8973575454021834E-01
  2458999.90720360   9.8973607533706476E-01
  2458999.90770385   9.8973639459840157E-01
  2458999.90820410   9.8973671232126970E-01
  2458999.90870435   9.8973702850272272E-01
  2458999.90920460   9.8973734313982831E-01
  2458999.90970485   9.8973765622966692E-01
  2458999.91020510   9.8973796776933343E-01
  2458999.91070535   9.8973827775593515E-01
  2458999.91120560   9.8973858618659361E-01
  2458999.91170585   9.8973889305844398E-01
  2458999.91220610   9.8973919836863467E-01
  2458999.91270635   9.8973950211432826E-01
  2458999.91320660   9.8973980429270070E-01
  2458999.91370685   9.8974010490094189E-01
  2458999.91420710   9.8974040393625540E-01
  2458999.91470735   9.8974070139585879E-01
  2458999.91520760   9.8974099727698339E-01
  2458999.91570785   9.8974129157687452E-01
  2458999.91620810   9.8974158429279124E-01
  2458999.91670835   9.8974187542200687E-01
  2458999.91720860   9.8974216496180878E-01
  2458999.91770885   9.8974245290949792E-01
  2458999.91820910   9.8974273926212419E-01
  2458999.91870935   9.8974302401754988E-01
  2458999.91920960   9.8974330717285186E-01
  2458999.91970985   9.8974358872538748E-01
  2458999.92021010   9.8974386867252939E-01
  2458999.92071036   9.8974414701166369E-01
  2458999.92121061   9.8974442374019134E-01
  2458999.92171086   9.8974469885552718E-01
  2458999.92221111   9.8974497235510095E-01
  2458999.92271136   9.8974524423635624E-01
  2458999.92321161   9.8974551449675174E-01
  2458999.92371186   9.8974578313376016E-01
  2458999.92421211   9.8974605014486861E-01
  2458999.92471236   9.8974631552757941E-01
  2458999.92521261   9.8974657927940890E-01
  2458999.92571286   9.8974684139788816E-01
  2458999.92621311   9.8974710188056325E-01
  2458999.92671336   9.8974736072499447E-01
  2458999.92721361   9.8974761792875721E-01
  2458999.92771386   9.8974787348944127E-01
  2458999.92821411   9.8974812740465190E-01
  2458999.92871436   9.8974837967200813E-01
  2458999.92921461   9.8974863028914506E-01
  2458999.92971486   9.8974887925371169E-01
  2458999.93021511   9.8974912656337255E-01
  2458999.93071536   9.8974937221580694E-01
  2458999.93121561   9.8974961620870916E-01
  2458999.93171586   9.8974985853956365E-01
  2458999.93221611   9.8975009920654611E-01
  2458999.93271636   9.8975033820716940E-01
  2458999.93321661   9.8975057553918866E-01
  2458999.93371686   9.8975081120037312E-01
  2458999.93421711   9.8975104518850798E-01
  2458999.93471736   9.8975127750139347E-01
  2458999.93521761   9.8975150813684487E-01
  2458999.93571786   9.8975173709269293E-01
  2458999.93621811   9.8975196436678381E-01
  2458999.93671836   9.8975218995697867E-01
  2458999.93721861   9.8975241386115431E-01
  2458999.93771886   9.8975263607720299E-01
  2458999.93821911   9.8975285660303214E-01
  2458999.93871936   9.8975307543656488E-01
  2458999.93921961   9.8975329257573963E-01
  2458999.93971986   9.8975350801851070E-01
  2458999.94022011   9.8975372176284737E-01
  2458999.94072036   9.8975393380673504E-01
  2458999.94122061   9.8975414414817453E-01
  2458999.94172086   9.8975435278518198E-01
  2458999.94222111   9.8975455971578985E-01
  2458999.94272136   9.8975476493804559E-01
  2458999.94322161   9.8975496845001298E-01
  2458999.94372186   9.8975517024977122E-01
  2458999.94422211   9.8975537033541527E-01
  2458999.94472236   9.8975556870505599E-01
  2458999.94522261   9.8975576535663790E-01
  2458999.94572286   9.8975596028866963E-01
  2458999.94622311   9.8975615349912549E-01
  2458999.94672336   9.8975634498618015E-01
  2458999.94722361   9.8975653474802383E-01
  2458999.94772386   9.8975672278286253E-01
  2458999.94822411   9.8975690908891878E-01
  2458999.94872436   9.8975709366443054E-01
  2458999.94922461   9.8975727650765233E-01
  2458999.94972486   9.8975745761685452E-01
  2458999.95022511   9.8975763699032326E-01
  2458999.95072536   9.8975781462636148E-01
  2458999.95122561   9.8975799052328772E-01
  2458999.95172586   9.8975816467943689E-01
  2458999.95222611   9.8975833709315997E-01
  2458999.95272636   9.8975850776282437E-01
  2458999.95322661   9.8975867668681350E-01
  2458999.95372686   9.8975884386352719E-01
  2458999.95422711   9.8975900929138150E-01
  2458999.95472736   9.8975917296880878E-01
  2458999.95522761   9.8975933489425794E-01
  2458999.95572786   9.8975949506619387E-01
  2458999.95622811   9.8975965348309813E-01
  2458999.95672836   9.8975981014346837E-01
  2458999.95722861   9.8975996504581887E-01
  2458999.95772886   9.8976011818868048E-01
  2458999.95822911   9.8976026957060048E-01
  2458999.95872936   9.8976041919014213E-01
  2458999.95922961   9.8976056704574911E-01
  2458999.95972986   9.8976071313629344E-01
  2458999.96023011   9.8976085746024967E-01
  2458999.96073037   9.8976100001624778E-01
  2458999.96123062   9.8976114080293409E-01
  2458999.96173087   9.8976127981897166E-01
  2458999.96223112   9.8976141706303999E-01
  2458999.96273137   9.8976155253383558E-01
  2458999.96323162   9.8976168623007132E-01
  2458999.96373187   9.8976181815047681E-01
  2458999.96423212   9.8976194829379838E-01
  2458999.96473237   9.8976207665879934E-01
  2458999.96523262   9.8976220324425912E-01
  2458999.96573287   9.8976232804897468E-01
  2458999.96623312   9.8976245107175920E-01
  2458999.96673337   9.8976257231144282E-01
  2458999.96723362   9.8976269176687237E-01
  2458999.96773387   9.8976280943691197E-01
  2458999.96823412   9.8976292532044219E-01
  2458999.96873437   9.8976303941636046E-01
  2458999.96923462   9.8976315172358109E-01
  2458999.96973487   9.8976326224103561E-01
  2458999.97023512   9.8976337096767197E-01
  2458999.97073537   9.8976347790245545E-01
  2458999.97123562   9.8976358304436818E-01
  2458999.97173587   9.8976368639240908E-01
  2458999.97223612   9.8976378794559416E-01
  2458999.97273637   9.8976388770286439E-01
  2458999.97323662   9.8976398566345569E-01
  2458999.97373687   9.8976408182634101E-01
  2458999.97423712   9.8976417619060475E-01
  2458999.97473737   9.8976426875534795E-01
  2458999.97523762   9.8976435951968877E-01
  2458999.97573787   9.8976444848276213E-01
  2458999.97623812   9.8976453564372069E-01
  2458999.97673837   9.8976462100173390E-01
  2458999.97723862   9.8976470455598797E-01
  2458999.97773887   9.8976478630568665E-01
  2458999.97823912   9.8976486625005078E-01
  2458999.97873937   9.8976494438831830E-01
  2458999.97923962   9.8976502071974426E-01
  2458999.97973987   9.8976509524360112E-01
  2458999.98024012   9.8976516795917779E-01
  2458999.98074037   9.8976523886578127E-01
  2458999.98124062   9.8976530796273532E-01
  2458999.98174087   9.8976537524938080E-01
  2458999.98224112   9.8976544072507644E-01
  2458999.98274137   9.8976550438919708E-01
  2458999.98324162   9.8976556624113576E-01
  2458999.98374187   9.8976562628030251E-01
  2458999.98424212   9.8976568450612434E-01
  2458999.98474237   9.8976574091804592E-01
  2458999.98524262   9.8976579551552890E-01
  2458999.98574287   9.8976584829805248E-01
  2458999.98624312   9.8976589926511283E-01
  2458999.98674337   9.8976594841617860E-01
  2458999.98724362   9.8976599575087254E-01
  2458999.98774387   9.8976604126869616E-01
  2458999.98824412   9.8976608496921492E-01
  2458999.98874437   9.8976612685201182E-01
  2458999.98924462   9.8976616691668706E-01
  2458999.98974487   9.8976620516285829E-01
  2458999.99024512   9.8976624159016036E-01
  2458999.99074537   9.8976627619824542E-01
  2458999.99124562   9.8976630898678308E-01
  2458999.99174587   9.8976633995546059E-01
  2458999.99224612   9.8976636910398208E-01
  2458999.99274637   9.8976639643206932E-01
  2458999.99324662   9.8976642193946129E-01
  2458999.99374687   9.8976644562591443E-01
  2458999.99424712   9.8976646749120278E-01
  2458999.99474737   9.8976648753511742E-01
  2458999.99524762   9.8976650575746694E-01
  2458999.99574787   9.8976652215807748E-01
  2458999.99624812   9.8976653673679227E-01
  2458999.99674837   9.8976654949347220E-01
  2458999.99724862   9.8976656042799538E-01
  2458999.99774887   9.8976656954025732E-01
  2458999.99824912   9.8976657683017133E-01
  2458999.99874937   9.8976658229766745E-01
  2458999.99924963   9.8976658594269362E-01
  2458999.99974988   9.8976658776521487E-01
  2459000.00025012   9.8976658776521487E-01
  2459000.00075037   9.8976658594269362E-01
  2459000.00125063   9.8976658229766745E-01
  2459000.00175088   9.8976657683017133E-01
  2459000.00225113   9.8976656954025732E-01
  2459000.00275138   9.8976656042799538E-01
  2459000.00325163   9.8976654949347220E-01
  2459000.00375188   9.8976653673679227E-01
  2459000.00425213   9.8976652215807748E-01
  2459000.00475238   9.8976650575746705E-01
  2459000.00525263   9.8976648753511742E-01
  2459000.00575288   9.8976646749120278E-01
  2459000.00625313   9.8976644562591443E-01
  2459000.00675338   9.8976642193946129E-01
  2459000.00725363   9.8976639643206921E-01
  2459000.00775388   9.8976636910398208E-01
  2459000.00825413   9.8976633995546059E-01
  2459000.00875438   9.8976630898678319E-01
  2459000.00925463   9.8976627619824520E-01
  2459000.00975488   9.8976624159016036E-01
  2459000.01025513   9.8976620516285829E-01
  2459000.01075538   9.8976616691668706E-01
  2459000.01125563   9.8976612685201182E-01
  2459000.01175588   9.8976608496921492E-01
  2459000.01225613   9.8976604126869616E-01
  2459000.01275638   9.8976599575087254E-01
  2459000.01325663   9.8976594841617860E-01
  2459000.01375688   9.8976589926511283E-01
  2459000.01425713   9.8976584829805248E-01
  2459000.01475738   9.8976579551552890E-01
  2459000.01525763   9.8976574091804592E-01
  2459000.01575788   9.8976568450612434E-01
  2459000.01625813   9.8976562628030251E-01
  2459000.01675838   9.8976556624113576E-01
  2459000.01725863   9.8976550438919708E-01
  2459000.01775888   9.8976544072507644E-01
  2459000.01825913   9.8976537524938080E-01
  2459000.01875938   9.8976530796273532E-01
  2459000.01925963   9.8976523886578116E-01
  2459000.01975988   9.8976516795917779E-01
  2459000.02026013   9.8976509524360112E-01
  2459000.02076038   9.8976502071974437E-01
  2459000.02126063   9.8976494438831830E-01
  2459000.02176088   9.8976486625005089E-01
  2459000.02226113   9.8976478630568665E-01
  2459000.02276138   9.8976470455598797E-01
  2459000.02326163   9.8976462100173390E-01
  2459000.02376188   9.8976453564372069E-01
  2459000.02426213   9.8976444848276213E-01
  2459000.02476238   9.8976435951968877E-01
  2459000.02526263   9.8976426875534806E-01
  2459000.02576288   9.8976417619060486E-01
  2459000.02626313   9.8976408182634101E-01
  2459000.02676338   9.8976398566345569E-01
  2459000.02726363   9.8976388770286439E-01
  2459000.02776388   9.8976378794559416E-01
  2459000.02826413   9.8976368639240908E-01
  2459000.02876438   9.8976358304436818E-01
  2459000.02926463   9.8976347790245545E-01
  2459000.02976488   9.8976337096767197E-01
  2459000.03026513   9.8976326224103550E-01
  2459000.03076538   9.8976315172358109E-01
  2459000.03126563   9.8976303941636046E-01
  2459000.03176588   9.8976292532044241E-01
  2459000.03226613   9.8976280943691197E-01
  2459000.03276638   9.8976269176687248E-01
  2459000.03326663   9.8976257231144271E-01
  2459000.03376688   9.8976245107175920E-01
  2459000.03426713   9.8976232804897457E-01
  2459000.03476738   9.8976220324425912E-01
  2459000.03526763   9.8976207665879945E-01
  2459000.03576788   9.8976194829379849E-01
  2459000.03626813   9.8976181815047681E-01
  2459000.03676838   9.8976168623007132E-01
  2459000.03726863   9.8976155253383558E-01
  2459000.03776888   9.8976141706303999E-01
  2459000.03826913   9.8976127981897166E-01
  2459000.03876938   9.8976114080293409E-01
  2459000.03926963   9.8976100001624778E-01
  2459000.03976989   9.8976085746024955E-01
  2459000.04027014   9.8976071313629344E-01
  2459000.04077039   9.8976056704574933E-01
  2459000.04127064   9.8976041919014224E-01
  2459000.04177089   9.8976026957060026E-01
  2459000.04227114   9.8976011818868059E-01
  2459000.04277139   9.8975996504581898E-01
  2459000.04327164   9.8975981014346825E-01
  2459000.04377189   9.8975965348309813E-01
  2459000.04427214   9.8975949506619387E-01
  2459000.04477239   9.8975933489425794E-01
  2459000.04527264   9.8975917296880889E-01
  2459000.04577289   9.8975900929138150E-01
  2459000.04627314   9.8975884386352719E-01
  2459000.04677339   9.8975867668681350E-01
  2459000.04727364   9.8975850776282437E-01
  2459000.04777389   9.8975833709315986E-01
  2459000.04827414   9.8975816467943678E-01
  2459000.04877439   9.8975799052328772E-01
  2459000.04927464   9.8975781462636148E-01
  2459000.04977489   9.8975763699032326E-01
  2459000.05027514   9.8975745761685441E-01
  2459000.05077539   9.8975727650765244E-01
  2459000.05127564   9.8975709366443065E-01
  2459000.05177589   9.8975690908891878E-01
  2459000.05227614   9.8975672278286242E-01
  2459000.05277639   9.8975653474802383E-01
  2459000.05327664   9.8975634498618015E-01
  2459000.05377689   9.8975615349912560E-01
  2459000.05427714   9.8975596028866952E-01
  2459000.05477739   9.8975576535663790E-01
  2459000.05527764   9.8975556870505599E-01
  2459000.05577789   9.8975537033541527E-01
  2459000.05627814   9.8975517024977122E-01
  2459000.05677839   9.8975496845001310E-01
  2459000.05727864   9.8975476493804571E-01
  2459000.05777889   9.8975455971578985E-01
  2459000.05827914   9.8975435278518198E-01
  2459000.05877939   9.8975414414817453E-01
  2459000.05927964   9.8975393380673515E-01
  2459000.05977989   9.8975372176284737E-01
  2459000.06028014   9.8975350801851070E-01
  2459000.06078039   9.8975329257573963E-01
  2459000.06128064   9.8975307543656488E-01
  2459000.06178089   9.8975285660303225E-01
  2459000.06228114   9.8975263607720299E-01
  2459000.06278139   9.8975241386115431E-01
  2459000.06328164   9.8975218995697867E-01
  2459000.06378189   9.8975196436678370E-01
  2459000.06428214   9.8975173709269304E-01
  2459000.06478239   9.8975150813684487E-01
  2459000.06528264   9.8975127750139336E-01
  2459000.06578289   9.8975104518850809E-01
  2459000.06628314   9.8975081120037312E-01
  2459000.06678339   9.8975057553918866E-01
  2459000.06728364   9.8975033820716951E-01
  2459000.06778389   9.8975009920654600E-01
  2459000.06828414   9.8974985853956365E-01
  2459000.06878439   9.8974961620870916E-01
  2459000.06928464   9.8974937221580694E-01
  2459000.06978489   9.8974912656337266E-01
  2459000.07028514   9.8974887925371169E-01
  2459000.07078539   9.8974863028914506E-01
  2459000.07128564   9.8974837967200813E-01
  2459000.07178589   9.8974812740465190E-01
  2459000.07228614   9.8974787348944127E-01
  2459000.07278639   9.8974761792875721E-01
  2459000.07328664   9.8974736072499458E-01
  2459000.07378689   9.8974710188056336E-01
  2459000.07428714   9.8974684139788816E-01
  2459000.07478739   9.8974657927940879E-01
  2459000.07528764   9.8974631552757941E-01
  2459000.07578789   9.8974605014486861E-01
  2459000.07628814   9.8974578313376016E-01
  2459000.07678839   9.8974551449675174E-01
  2459000.07728864   9.8974524423635635E-01
  2459000.07778889   9.8974497235510084E-01
  2459000.07828914   9.8974469885552718E-01
  2459000.07878939   9.8974442374019123E-01
  2459000.07928964   9.8974414701166369E-01
  2459000.07978990   9.8974386867252939E-01
  2459000.08029015   9.8974358872538759E-01
  2459000.08079040   9.8974330717285186E-01
  2459000.08129065   9.8974302401754988E-01
  2459000.08179090   9.8974273926212419E-01
  2459000.08229115   9.8974245290949792E-01
  2459000.08279140   9.8974216496180878E-01
  2459000.08329165   9.8974187542200698E-01
  2459000.08379190   9.8974158429279124E-01
  2459000.08429215   9.8974129157687452E-01
  2459000.08479240   9.8974099727698339E-01
  2459000.08529265   9.8974070139585868E-01
  2459000.08579290   9.8974040393625540E-01
  2459000.08629315   9.8974010490094189E-01
  2459000.08679340   9.8973980429270059E-01
  2459000.08729365   9.8973950211432826E-01
  2459000.08779390   9.8973919836863467E-01
  2459000.08829415   9.8973889305844387E-01
  2459000.08879440   9.8973858618659361E-01
  2459000.08929465   9.8973827775593504E-01
  2459000.08979490   9.8973796776933343E-01
  2459000.09029515   9.8973765622966714E-01
  2459000.09079540   9.8973734313982831E-01
  2459000.09129565   9.8973702850272272E-01
  2459000.09179590   9.8973671232126970E-01
  2459000.09229615   9.8973639459840168E-01
  2459000.09279640   9.8973607533706454E-01
  2459000.09329665   9.8973575454021845E-01
  2459000.09379690   9.8973543221083549E-01
  2459000.09429715   9.8973510835190204E-01
  2459000.09479740   9.8973478296641748E-01
  2459000.09529765   9.8973445605739430E-01
  2459000.09579790   9.8973412762785806E-01
  2459000.09629815   9.8973379768115588E-01
  2459000.09679840   9.8973346621972513E-01
  2459000.09729865   9.8973313324693746E-01
  2459000.09779890   9.8973279876587095E-01
  2459000.09829915   9.8973246277961657E-01
  2459000.09879940   9.8973212529127841E-01
  2459000.09929965   9.8973178630397329E-01
  2459000.09979990   9.8973144582083084E-01
  2459000.10030015   9.8973110384499396E-01
  2459000.10080040   9.8973076037961760E-01
  2459000.10130065   9.8973041542787032E-01
  2459000.10180090   9.8973006899293270E-01
  2459000.10230115   9.8972972107799784E-01
  2459000.10280140   9.8972937168627229E-01
  2459000.10330165   9.8972902082097436E-01
  2459000.10380190   9.8972866848533547E-01
  2459000.10430215   9.8972831468259892E-01
  2459000.10480240   9.8972795941602121E-01
  2459000.10530265   9.8972760268887050E-01
  2459000.10580290   9.8972724450442795E-01
  2459000.10630315   9.8972688486598648E-01
  2459000.10680340   9.8972652377685189E-01
  2459000.10730365   9.8972616124034174E-01
  2459000.10780390   9.8972579725978582E-01
  2459000.10830415   9.8972543183852646E-01
  2459000.10880440   9.8972506497991763E-01
  2459000.10930465   9.8972469668732566E-01
  2459000.10980490   9.8972432696447377E-01
  2459000.11030515   9.8972395581406369E-01
  2459000.11080540   9.8972358323984144E-01
  2459000.11130565   9.8972320924522084E-01
  2459000.11180590   9.8972283383362802E-01
  2459000.11230615   9.8972245700850081E-01
  2459000.11280640   9.8972207877328877E-01
  2459000.11330665   9.8972169913145325E-01
  2459000.11380690   9.8972131808646691E-01
  2459000.11430715   9.8972093564181474E-01
  2459000.11480740   9.8972055180099294E-01
  2459000.11530765   9.8972016656750916E-01
  2459000.11580790   9.8971977994488303E-01
  2459000.11630815   9.8971939193664482E-01
  2459000.11680840   9.8971900254633693E-01
  2459000.11730865   9.8971861177751319E-01
  2459000.11780890   9.8971821963373841E-01
  2459000.11830915   9.8971782611858872E-01
  2459000.11880940   9.8971743123565170E-01
  2459000.11930965   9.8971703498852603E-01
  2459000.11980991   9.8971663738082161E-01
  2459000.12031016   9.8971623841615930E-01
  2459000.12081041   9.8971583809817132E-01
  2459000.12131066   9.8971543643050075E-01
  2459000.12181091   9.8971503341680167E-01
  2459000.12231116   9.8971462906073904E-01
  2459000.12281141   9.8971422336598902E-01
  2459000.12331166   9.8971381633661759E-01
  2459000.12381191   9.8971340797556495E-01
  2459000.12431216   9.8971299828691761E-01
  2459000.12481241   9.8971258727439471E-01
  2459000.12531266   9.8971217494172603E-01
  2459000.12581291   9.8971176129265204E-01
  2459000.12631316   9.8971134633092372E-01
  2459000.12681341   9.8971093006030275E-01
  2459000.12731366   9.8971051248456110E-01
  2459000.12781391   9.8971009360748163E-01
  2459000.12831416   9.8970967343285698E-01
  2459000.12881441   9.8970925196449056E-01
  2459000.12931466   9.8970882920619618E-01
  2459000.12981491   9.8970840516179792E-01
  2459000.13031516   9.8970797983512970E-01
  2459000.13081541   9.8970755323003590E-01
  2459000.13131566   9.8970712535037120E-01
  2459000.13181591   9.8970669620000040E-01
  2459000.13231616   9.8970626578279797E-01
  2459000.13281641   9.8970583410264878E-01
  2459000.13331666   9.8970540116344730E-01
  2459000.13381691   9.8970496696909838E-01
  2459000.13431716   9.8970453152351645E-01
  2459000.13481741   9.8970409483062594E-01
  2459000.13531766   9.8970365689436091E-01
  2459000.13581791   9.8970321771866532E-01
  2459000.13631816   9.8970277730749256E-01
  2459000.13681841   9.8970233566480603E-01
  2459000.13731866   9.8970189279499143E-01
  2459000.13781891   9.8970144870120669E-01
  2459000.13831916   9.8970100338785538E-01
  2459000.13881941   9.8970055685893887E-01
  2459000.13931966   9.8970010911846817E-01
  2459000.13981991   9.8969966017046351E-01
  2459000.14032016   9.8969921001895433E-01
  2459000.14082041   9.8969875866797963E-01
  2459000.14132066   9.8969830612158760E-01
  2459000.14182091   9.8969785238383556E-01
  2459000.14232116   9.8969739745879004E-01
  2459000.14282141   9.8969694135052666E-01
  2459000.14332166   9.8969648406313027E-01
  2459000.14382191   9.8969602560069447E-01
  2459000.14432216   9.8969556596732189E-01
  2459000.14482241   9.8969510516712444E-01
  2459000.14532266   9.8969464320422262E-01
  2459000.14582291   9.8969418008274579E-01
  2459000.14632316   9.8969371580683230E-01
  2459000.14682341   9.8969325038062894E-01
  2459000.14732366   9.8969278380829151E-01
  2459000.14782391   9.8969231609398456E-01
  2459000.14832416   9.8969184724188064E-01
  2459000.14882441   9.8969137725616185E-01
  2459000.14932466   9.8969090614101785E-01
  2459000.14982491   9.8969043390064759E-01
  2459000.15032516   9.8968996053925806E-01
  2459000.15082541   9.8968948606150675E-01
  2459000.15132566   9.8968901047073443E-01
  2459000.15182591   9.8968853377161403E-01
  2459000.15232616   9.8968805596838616E-01
  2459000.15282641   9.8968757706529942E-01
  2459000.15332666   9.8968709706661051E-01
  2459000.15382691   9.8968661597658458E-01
  2459000.15432716   9.8968613379949455E-01
  2459000.15482741   9.8968565053962132E-01
  2459000.15532766   9.8968516620125424E-01
  2459000.15582791   9.8968468078869021E-01
  2459000.15632816   9.8968419430623422E-01
  2459000.15682841   9.8968370675819894E-01
  2459000.15732866   9.8968321814890525E-01
  2459000.15782891   9.8968272848268135E-01
  2459000.15832916   9.8968223776386366E-01
  2459000.15882941   9.8968174599679570E-01
  2459000.15932966   9.8968125318582911E-01
  2459000.15982992   9.8968075933532307E-01
  2459000.16033017   9.8968026444964408E-01
  2459000.16083042   9.8967976853316630E-01
  2459000.16133067   9.8967927159027158E-01
  2459000.16183092   9.8967877362534873E-01
  2459000.16233117   9.8967827464279423E-01
  2459000.16283142   9.8967777464701201E-01
  2459000.16333167   9.8967727364241298E-01
  2459000.16383192   9.8967677163341572E-01
  2459000.16433217   9.8967626862444547E-01
  2459000.16483242   9.8967576462040463E-01
  2459000.16533267   9.8967525962479452E-01
  2459000.16583292   9.8967475364253121E-01
  2459000.16633317   9.8967424667806825E-01
  2459000.16683342   9.8967373873586650E-01
  2459000.16733367   9.8967322982039385E-01
  2459000.16783392   9.8967271993612538E-01
  2459000.16833417   9.8967220908754239E-01
  2459000.16883442   9.8967169727913329E-01
  2459000.16933467   9.8967118451539349E-01
  2459000.16983492   9.8967067080082460E-01
  2459000.17033517   9.8967015613993548E-01
  2459000.17083542   9.8966964053724127E-01
  2459000.17133567   9.8966912399726392E-01
  2459000.17183592   9.8966860652453170E-01
  2459000.17233617   9.8966808812357954E-01
  2459000.17283642   9.8966756879894902E-01
  2459000.17333667   9.8966704855518761E-01
  2459000.17383692   9.8966652739684968E-01
  2459000.17433717   9.8966600532849602E-01
  2459000.17483742   9.8966548235469309E-01
  2459000.17533767   9.8966495848001401E-01
  2459000.17583792   9.8966443370903834E-01
  2459000.17633817   9.8966390804635129E-01
  2459000.17683842   9.8966338149654465E-01
  2459000.17733867   9.8966285406421617E-01
  2459000.17783892   9.8966232575396917E-01
  2459000.17833917   9.8966179657090669E-01
  2459000.17883942   9.8966126651865938E-01
  2459000.17933967   9.8966073560234091E-01
  2459000.17983992   9.8966020382657860E-01
  2459000.18034017   9.8965967119600595E-01
  2459000.18084042   9.8965913771526193E-01
  2459000.18134067   9.8965860338899170E-01
  2459000.18184092   9.8965806822184565E-01
  2459000.18234117   9.8965753221847985E-01
  2459000.18284142   9.8965699538355645E-01
  2459000.18334167   9.8965645772174260E-01
  2459000.18384192   9.8965591923771168E-01
  2459000.18434217   9.8965537993614194E-01
  2459000.18484242   9.8965483982171742E-01
  2459000.18534267   9.8965429889912748E-01
  2459000.18584292   9.8965375717306692E-01
  2459000.18634317   9.8965321464823575E-01
  2459000.18684342   9.8965267132933921E-01
  2459000.18734367   9.8965212722108842E-01
  2459000.18784392   9.8965158232819872E-01
  2459000.18834417   9.8965103665539145E-01
  2459000.18884442   9.8965049020739293E-01
  2459000.18934467   9.8964994298893394E-01
  2459000.18984492   9.8964939500475113E-01
  2459000.19034517   9.8964884625958593E-01
  2459000.19084542   9.8964829675818433E-01
  2459000.19134567   9.8964774650529774E-01
  2459000.19184592   9.8964719550619562E-01
  2459000.19234617   9.8964664376461309E-01
  2459000.19284642   9.8964609128582848E-01
  2459000.19334667   9.8964553807461231E-01
  2459000.19384692   9.8964498413573987E-01
  2459000.19434717   9.8964442947399145E-01
  2459000.19484742   9.8964387409415144E-01
  2459000.19534767   9.8964331800100913E-01
  2459000.19584792   9.8964276119935846E-01
  2459000.19634817   9.8964220369399758E-01
  2459000.19684842   9.8964164548972977E-01
  2459000.19734867   9.8964108659136230E-01
  2459000.19784892   9.8964052700370664E-01
  2459000.19834917   9.8963996673157906E-01
  2459000.19884942   9.8963940577980025E-01
  2459000.19934967   9.8963884415319503E-01
  2459000.19984993   9.8963828185659219E-01
  2459000.20035018   9.8963771889482499E-01
  2459000.20085043   9.8963715527273144E-01
  2459000.20135068   9.8963659099515267E-01
  2459000.20185093   9.8963602606693446E-01
  2459000.20235118   9.8963546049292694E-01
  2459000.20285143   9.8963489427798390E-01
  2459000.20335168   9.8963432742696300E-01
  2459000.20385193   9.8963375994472613E-01
  2459000.20435218   9.8963319183613918E-01
  2459000.20485243   9.8963262310607181E-01
  2459000.20535268   9.8963205375939745E-01
  2459000.20585293   9.8963148380152421E-01
  2459000.20635318   9.8963091323627206E-01
  2459000.20685343   9.8963034206905620E-01
  2459000.20735368   9.8962977030476518E-01
  2459000.20785393   9.8962919794829096E-01
  2459000.20835418   9.8962862500452964E-01
  2459000.20885443   9.8962805147838062E-01
  2459000.20935468   9.8962747737474666E-01
  2459000.20985493   9.8962690269853437E-01
  2459000.21035518   9.8962632745465384E-01
  2459000.21085543   9.8962575164801836E-01
  2459000.21135568   9.8962517528354488E-01
  2459000.21185593   9.8962459836615357E-01
  2459000.21235618   9.8962402090076806E-01
  2459000.21285643   9.8962344289231519E-01
  2459000.21335668   9.8962286434572500E-01
  2459000.21385693   9.8962228526593099E-01
  2459000.21435718   9.8962170565786967E-01
  2459000.21485743   9.8962112552648074E-01
  2459000.21535768   9.8962054487670714E-01
  2459000.21585793   9.8961996371349481E-01
  2459000.21635818   9.8961938204179267E-01
  2459000.21685843   9.8961879986655288E-01
  2459000.21735868   9.8961821719273046E-01
  2459000.21785893   9.8961763402528347E-01
  2459000.21835918   9.8961705036917280E-01
  2459000.21885943   9.8961646622936195E-01
  2459000.21935968   9.8961588161136238E-01
  2459000.21985993   9.8961529651905500E-01
  2459000.22036018   9.8961471095795617E-01
  2459000.22086043   9.8961412493304057E-01
  2459000.22136068   9.8961353844928623E-01
  2459000.22186093   9.8961295151167350E-01
  2459000.22236118   9.8961236412518550E-01
  2459000.22286143   9.8961177629480768E-01
  2459000.22336168   9.8961118802552861E-01
  2459000.22386193   9.8961059932233875E-01
  2459000.22436218   9.8961001019023198E-01
  2459000.22486243   9.8960942063420354E-01
  2459000.22536268   9.8960883065925198E-01
  2459000.22586293   9.8960824027037808E-01
  2459000.22636318   9.8960764947258473E-01
  2459000.22686343   9.8960705827087747E-01
  2459000.22736368   9.8960646667026431E-01
  2459000.22786393   9.8960587467575489E-01
  2459000.22836418   9.8960528229236189E-01
  2459000.22886443   9.8960468952509950E-01
  2459000.22936468   9.8960409637898483E-01
  2459000.22986493   9.8960350285903664E-01
  2459000.23036518   9.8960290897027592E-01
  2459000.23086543   9.8960231471772608E-01
  2459000.23136568   9.8960172010641212E-01
  2459000.23186593   9.8960112514136145E-01
  2459000.23236618   9.8960052982760316E-01
  2459000.23286643   9.8959993417016867E-01
  2459000.23336668   9.8959933817464618E-01
  2459000.23386693   9.8959874184496122E-01
  2459000.23436718   9.8959814518670519E-01
  2459000.23486743   9.8959754820491741E-01
  2459000.23536768   9.8959695090463828E-01
  2459000.23586793   9.8959635329091034E-01
  2459000.23636818   9.8959575536877808E-01
  2459000.23686843   9.8959515714328727E-01
  2459000.23736868   9.8959455861948575E-01
  2459000.23786893   9.8959395980242315E-01
  2459000.23836918   9.8959336069714998E-01
  2459000.23886943   9.8959276130871943E-01
  2459000.23936968   9.8959216164218555E-01
  2459000.23986993   9.8959156170260432E-01
  2459000.24037019   9.8959096149503312E-01
  2459000.24087044   9.8959036102453057E-01
  2459000.24137069   9.8958976029615731E-01
  2459000.24187094   9.8958915931497504E-01
  2459000.24237119   9.8958855808604707E-01
  2459000.24287144   9.8958795661443799E-01
  2459000.24337169   9.8958735490521388E-01
  2459000.24387194   9.8958675296344190E-01
  2459000.24437219   9.8958615079419088E-01
  2459000.24487244   9.8958554840253066E-01
  2459000.24537269   9.8958494579353229E-01
  2459000.24587294   9.8958434297226849E-01
  2459000.24637319   9.8958373994381288E-01
  2459000.24687344   9.8958313671380160E-01
  2459000.24737369   9.8958253328618762E-01
  2459000.24787394   9.8958192966660974E-01
  2459000.24837419   9.8958132586014569E-01
  2459000.24887444   9.8958072187187496E-01
  2459000.24937469   9.8958011770687770E-01
  2459000.24987494   9.8957951337023531E-01
  2459000.25037519   9.8957890886703004E-01
  2459000.25087544   9.8957830420234494E-01
  2459000.25137569   9.8957769938126450E-01
  2459000.25187594   9.8957709440887365E-01
  2459000.25237619   9.8957648929025843E-01
  2459000.25287644   9.8957588403050567E-01
  2459000.25337669   9.8957527863470285E-01
  2459000.25387694   9.8957467310793890E-01
  2459000.25437719   9.8957406745530263E-01
  2459000.25487744   9.8957346168188443E-01
  2459000.25537769   9.8957285579277487E-01
  2459000.25587794   9.8957224979306568E-01
  2459000.25637819   9.8957164368784878E-01
  2459000.25687844   9.8957103748221698E-01
  2459000.25737869   9.8957043118126420E-01
  2459000.25787894   9.8956982479008404E-01
  2459000.25837919   9.8956921831377154E-01
  2459000.25887944   9.8956861175742183E-01
  2459000.25937969   9.8956800512613075E-01
  2459000.25987994   9.8956739842499453E-01
  2459000.26038019   9.8956679165967498E-01
  2459000.26088044   9.8956618483413983E-01
  2459000.26138069   9.8956557795405142E-01
  2459000.26188094   9.8956497102450813E-01
  2459000.26238119   9.8956436405060844E-01
  2459000.26288144   9.8956375703745147E-01
  2459000.26338169   9.8956314999013650E-01
  2459000.26388194   9.8956254291376322E-01
  2459000.26438219   9.8956193581343155E-01
  2459000.26488244   9.8956132869424196E-01
  2459000.26538269   9.8956072156129471E-01
  2459000.26588294   9.8956011441969116E-01
  2459000.26638319   9.8955950727453179E-01
  2459000.26688344   9.8955890013091841E-01
  2459000.26738369   9.8955829299395204E-01
  2459000.26788394   9.8955768586873460E-01
  2459000.26838419   9.8955707876036791E-01
  2459000.26888444   9.8955647167395333E-01
  2459000.26938469   9.8955586461459344E-01
  2459000.26988494   9.8955525758739027E-01
  2459000.27038519   9.8955465059744563E-01
  2459000.27088544   9.8955404364986199E-01
  2459000.27138569   9.8955343674974161E-01
  2459000.27188594   9.8955282990218640E-01
  2459000.27238619   9.8955222311229907E-01
  2459000.27288644   9.8955161638518130E-01
  2459000.27338669   9.8955100972593535E-01
  2459000.27388694   9.8955040313966325E-01
  2459000.27438719   9.8954979663203158E-01
  2459000.27488744   9.8954919020701304E-01
  2459000.27538769   9.8954858387027389E-01
  2459000.27588794   9.8954797762691549E-01
  2459000.27638819   9.8954737148203931E-01
  2459000.27688844   9.8954676544074671E-01
  2459000.27738869   9.8954615950813851E-01
  2459000.27788894   9.8954555368931552E-01
  2459000.27838919   9.8954494798937820E-01
  2459000.27888944   9.8954434241342670E-01
  2459000.27938969   9.8954373696656106E-01
  2459000.27988994   9.8954313165388108E-01
  2459000.28039020   9.8954252648048591E-01
  2459000.28089045   9.8954192145147468E-01
  2459000.28139070   9.8954131657194588E-01
  2459000.28189095   9.8954071184699821E-01
  2459000.28239120   9.8954010728172903E-01
  2459000.28289145   9.8953950288123615E-01
  2459000.28339170   9.8953889865061684E-01
  2459000.28389195   9.8953829459496734E-01
  2459000.28439220   9.8953769071938413E-01
  2459000.28489245   9.8953708702896281E-01
  2459000.28539270   9.8953648352879875E-01
  2459000.28589295   9.8953588022398664E-01
  2459000.28639320   9.8953527711962053E-01
  2459000.28689345   9.8953467422079444E-01
  2459000.28739370   9.8953407153260142E-01
  2459000.28789395   9.8953346906069461E-01
  2459000.28839420   9.8953286680904451E-01
  2459000.28889445   9.8953226478330336E-01
  2459000.28939470   9.8953166298856221E-01
  2459000.28989495   9.8953106142991087E-01
  2459000.29039520   9.8953046011243928E-01
  2459000.29089545   9.8952985904123592E-01
  2459000.29139570   9.8952925822138926E-01
  2459000.29189595   9.8952865765798681E-01
  2459000.29239620   9.8952805735611526E-01
  2459000.29289645   9.8952745732086078E-01
  2459000.29339670   9.8952685755730896E-01
  2459000.29389695   9.8952625807054440E-01
  2459000.29439720   9.8952565886565080E-01
  2459000.29489745   9.8952505994771134E-01
  2459000.29539770   9.8952446132180849E-01
  2459000.29589795   9.8952386299302386E-01
  2459000.29639820   9.8952326496643805E-01
  2459000.29689845   9.8952266724713123E-01
  2459000.29739870   9.8952206984018209E-01
  2459000.29789895   9.8952147275066937E-01
  2459000.29839920   9.8952087598367011E-01
  2459000.29889945   9.8952027954426092E-01
  2459000.29939970   9.8951968343751773E-01
  2459000.29989995   9.8951908766851482E-01
  2459000.30040020   9.8951849224232624E-01
  2459000.30090045   9.8951789716402505E-01
  2459000.30140070   9.8951730243923652E-01
  2459000.30190095   9.8951670807192449E-01
  2459000.30240120   9.8951611406771289E-01
  2459000.30290145   9.8951552043167090E-01
  2459000.30340170   9.8951492716886646E-01
  2459000.30390195   9.8951433428436686E-01
  2459000.30440220   9.8951374178323825E-01
  2459000.30490245   9.8951314967054582E-01
  2459000.30540270   9.8951255795135373E-01
  2459000.30590295   9.8951196663072483E-01
  2459000.30640320   9.8951137571372161E-01
  2459000.30690345   9.8951078520540459E-01
  2459000.30740370   9.8951019511083405E-01
  2459000.30790395   9.8950960543506872E-01
  2459000.30840420   9.8950901618316645E-01
  2459000.30890445   9.8950842736018385E-01
  2459000.30940470   9.8950783897117656E-01
  2459000.30990495   9.8950725102119907E-01
  2459000.31040520   9.8950666351530481E-01
  2459000.31090545   9.8950607645854582E-01
  2459000.31140570   9.8950548985597331E-01
  2459000.31190595   9.8950490371263711E-01
  2459000.31240620   9.8950431803358641E-01
  2459000.31290645   9.8950373282386817E-01
  2459000.31340670   9.8950314808852935E-01
  2459000.31390695   9.8950256383261503E-01
  2459000.31440720   9.8950198006116930E-01
  2459000.31490745   9.8950139677923488E-01
  2459000.31540770   9.8950081399239598E-01
  2459000.31590795   9.8950023170460777E-01
  2459000.31640820   9.8949964992145256E-01
  2459000.31690845   9.8949906864796777E-01
  2459000.31740870   9.8949848788919093E-01
  2459000.31790895   9.8949790765015688E-01
  2459000.31840920   9.8949732793590017E-01
  2459000.31890945   9.8949674875145377E-01
  2459000.31940970   9.8949617010184931E-01
  2459000.31990995   9.8949559199211745E-01
  2459000.32041021   9.8949501442728716E-01
  2459000.32091046   9.8949443741238641E-01
  2459000.32141071   9.8949386095244185E-01
  2459000.32191096   9.8949328505247880E-01
  2459000.32241121   9.8949270971752101E-01
  2459000.32291146   9.8949213495259136E-01
  2459000.32341171   9.8949156076271128E-01
  2459000.32391196   9.8949098715290063E-01
  2459000.32441221   9.8949041412817829E-01
  2459000.32491246   9.8948984169356147E-01
  2459000.32541271   9.8948926985406627E-01
  2459000.32591296   9.8948869861470734E-01
  2459000.32641321   9.8948812798049801E-01
  2459000.32691346   9.8948755795645049E-01
  2459000.32741371   9.8948698854757522E-01
  2459000.32791396   9.8948641975888130E-01
  2459000.32841421   9.8948585159537672E-01
  2459000.32891446   9.8948528406259628E-01
  2459000.32941471   9.8948471716448805E-01
  2459000.32991496   9.8948415090658481E-01
  2459000.33041521   9.8948358529388858E-01
  2459000.33091546   9.8948302033140045E-01
  2459000.33141571   9.8948245602412011E-01
  2459000.33191596   9.8948189237704565E-01
  2459000.33241621   9.8948132939517375E-01
  2459000.33291646   9.8948076708349997E-01
  2459000.33341671   9.8948020544701798E-01
  2459000.33391696   9.8947964449072079E-01
  2459000.33441721   9.8947908421959907E-01
  2459000.33491746   9.8947852463864283E-01
  2459000.33541771   9.8947796575284030E-01
  2459000.33591796   9.8947740756717839E-01
  2459000.33641821   9.8947685008664243E-01
  2459000.33691846   9.8947629331621645E-01
  2459000.33741871   9.8947573726088323E-01
  2459000.33791896   9.8947518192562356E-01
  2459000.33841921   9.8947462731541758E-01
  2459000.33891946   9.8947407343524330E-01
  2459000.33941971   9.8947352029007773E-01
  2459000.33991996   9.8947296788489614E-01
  2459000.34042021   9.8947241622467252E-01
  2459000.34092046   9.8947186531437936E-01
  2459000.34142071   9.8947131515898801E-01
  2459000.34192096   9.8947076576346771E-01
  2459000.34242121   9.8947021713278682E-01
  2459000.34292146   9.8946966927242186E-01
  2459000.34342171   9.8946912218631777E-01
  2459000.34392196   9.8946857587994919E-01
  2459000.34442221   9.8946803035827813E-01
  2459000.34492246   9.8946748562626563E-01
  2459000.34542271   9.8946694168887128E-01
  2459000.34592296   9.8946639855105323E-01
  2459000.34642321   9.8946585621776761E-01
  2459000.34692346   9.8946531469396992E-01
  2459000.34742371   9.8946477398461374E-01
  2459000.34792396   9.8946423409465156E-01
  2459000.34842421   9.8946369502903375E-01
  2459000.34892446   9.8946315679271002E-01
  2459000.34942471   9.8946261939062807E-01
  2459000.34992496   9.8946208282773429E-01
  2459000.35042521   9.8946154710897383E-01
  2459000.35092546   9.8946101223929017E-01
  2459000.35142571   9.8946047822362537E-01
  2459000.35192596   9.8945994506692014E-01
  2459000.35242621   9.8945941277411387E-01
  2459000.35292646   9.8945888135014415E-01
  2459000.35342671   9.8945835079994748E-01
  2459000.35392696   9.8945782112845848E-01
  2459000.35442721   9.8945729234061097E-01
  2459000.35492746   9.8945676444133690E-01
  2459000.35542771   9.8945623743556688E-01
  2459000.35592796   9.8945571132822996E-01
  2459000.35642821   9.8945518612474259E-01
  2459000.35692846   9.8945466182905328E-01
  2459000.35742871   9.8945413844657615E-01
  2459000.35792896   9.8945361598223491E-01
  2459000.35842921   9.8945309444095131E-01
  2459000.35892946   9.8945257382764640E-01
  2459000.35942971   9.8945205414723925E-01
  2459000.35992996   9.8945153540464792E-01
  2459000.36043022   9.8945101760478860E-01
  2459000.36093047   9.8945050075257668E-01
  2459000.36143072   9.8944998485292557E-01
  2459000.36193097   9.8944946991074778E-01
  2459000.36243122   9.8944895593095405E-01
  2459000.36293147   9.8944844291845402E-01
  2459000.36343172   9.8944793087815563E-01
  2459000.36393197   9.8944741981496598E-01
  2459000.36443222   9.8944690973379024E-01
  2459000.36493247   9.8944640063953249E-01
  2459000.36543272   9.8944589253709536E-01
  2459000.36593297   9.8944538543138016E-01
  2459000.36643322   9.8944487932728709E-01
  2459000.36693347   9.8944437422971443E-01
  2459000.36743372   9.8944387014355983E-01
  2459000.36793397   9.8944336707371894E-01
  2459000.36843422   9.8944286502508660E-01
  2459000.36893447   9.8944236400255592E-01
  2459000.36943472   9.8944186401101897E-01
  2459000.36993497   9.8944136505583036E-01
  2459000.37043522   9.8944086714095048E-01
  2459000.37093547   9.8944037027173248E-01
  2459000.37143572   9.8943987445306303E-01
  2459000.37193597   9.8943937968982754E-01
  2459000.37243622   9.8943888598691010E-01
  2459000.37293647   9.8943839334919392E-01
  2459000.37343672   9.8943790178156044E-01
  2459000.37393697   9.8943741128889007E-01
  2459000.37443722   9.8943692187606191E-01
  2459000.37493747   9.8943643354795374E-01
  2459000.37543772   9.8943594630944254E-01
  2459000.37593797   9.8943546016540329E-01
  2459000.37643822   9.8943497512071032E-01
  2459000.37693847   9.8943449118023663E-01
  2459000.37743872   9.8943400834885387E-01
  2459000.37793897   9.8943352663143236E-01
  2459000.37843922   9.8943304603284177E-01
  2459000.37893947   9.8943256655795009E-01
  2459000.37943972   9.8943208821162432E-01
  2459000.37993997   9.8943161099873012E-01
  2459000.38044022   9.8943113492413215E-01
  2459000.38094047   9.8943065999269386E-01
  2459000.38144072   9.8943018620927747E-01
  2459000.38194097   9.8942971357874432E-01
  2459000.38244122   9.8942924210595418E-01
  2459000.38294147   9.8942877179576605E-01
  2459000.38344172   9.8942830265303794E-01
  2459000.38394197   9.8942783468306139E-01
  2459000.38444222   9.8942736788982055E-01
  2459000.38494247   9.8942690227860652E-01
  2459000.38544272   9.8942643785427220E-01
  2459000.38594297   9.8942597462167048E-01
  2459000.38644322   9.8942551258565237E-01
  2459000.38694347   9.8942505175106787E-01
  2459000.38744372   9.8942459212276646E-01
  2459000.38794397   9.8942413370559634E-01
  2459000.38844422   9.8942367650440455E-01
  2459000.38894447   9.8942322052403708E-01
  2459000.38944472   9.8942276576933952E-01
  2459000.38994497   9.8942231224515542E-01
  2459000.39044522   9.8942185995632825E-01
  2459000.39094547   9.8942140890770025E-01
  2459000.39144572   9.8942095910411254E-01
  2459000.39194597   9.8942051055040559E-01
  2459000.39244622   9.8942006325141840E-01
  2459000.39294647   9.8941961721198979E-01
  2459000.39344672   9.8941917243695687E-01
  2459000.39394697   9.8941872893115668E-01
  2459000.39444722   9.8941828669942455E-01
  2459000.39494747   9.8941784574659564E-01
  2459000.39544772   9.8941740607750361E-01
  2459000.39594797   9.8941696769698195E-01
  2459000.39644822   9.8941653060986257E-01
  2459000.39694847   9.8941609482097703E-01
  2459000.39744872   9.8941566033555983E-01
  2459000.39794897   9.8941522715763186E-01
  2459000.39844922   9.8941479529242726E-01
  2459000.39894947   9.8941436474477396E-01
  2459000.39944972   9.8941393551949997E-01
  2459000.39994997   9.8941350762143143E-01
  2459000.40045022   9.8941308105539438E-01
  2459000.40095048   9.8941265582621429E-01
  2459000.40145073   9.8941223193871553E-01
  2459000.40195098   9.8941180939772189E-01
  2459000.40245123   9.8941138820805641E-01
  2459000.40295148   9.8941096837454168E-01
  2459000.40345173   9.8941054990199906E-01
  2459000.40395198   9.8941013279525014E-01
  2459000.40445223   9.8940971705911507E-01
  2459000.40495248   9.8940930269841376E-01
  2459000.40545273   9.8940888971796548E-01
  2459000.40595298   9.8940847812258870E-01
  2459000.40645323   9.8940806791710145E-01
  2459000.40695348   9.8940765910632156E-01
  2459000.40745373   9.8940725169506549E-01
  2459000.40795398   9.8940684568814974E-01
  2459000.40845423   9.8940644109039022E-01
  2459000.40895448   9.8940603790660231E-01
  2459000.40945473   9.8940563614160060E-01
  2459000.40995498   9.8940523580019968E-01
  2459000.41045523   9.8940483688721348E-01
  2459000.41095548   9.8940443940745515E-01
  2459000.41145573   9.8940404336610588E-01
  2459000.41195598   9.8940364876724107E-01
  2459000.41245623   9.8940325561604170E-01
  2459000.41295648   9.8940286391732013E-01
  2459000.41345673   9.8940247367588752E-01
  2459000.41395698   9.8940208489655479E-01
  2459000.41445723   9.8940169758413266E-01
  2459000.41495748   9.8940131174343171E-01
  2459000.41545773   9.8940092737926200E-01
  2459000.41595798   9.8940054449643300E-01
  2459000.41645823   9.8940016309975465E-01
  2459000.41695848   9.8939978319403576E-01
  2459000.41745873   9.8939940478408550E-01
  2459000.41795898   9.8939902787471257E-01
  2459000.41845923   9.8939865247072567E-01
  2459000.41895948   9.8939827857693319E-01
  2459000.41945973   9.8939790619814294E-01
  2459000.41995998   9.8939753533916330E-01
  2459000.42046023   9.8939716600480188E-01
  2459000.42096048   9.8939679819986670E-01
  2459000.42146073   9.8939643192916527E-01
  2459000.42196098   9.8939606719750506E-01
  2459000.42246123   9.8939570400969368E-01
  2459000.42296148   9.8939534237053850E-01
  2459000.42346173   9.8939498228484701E-01
  2459000.42396198   9.8939462375742648E-01
  2459000.42446223   9.8939426679308418E-01
  2459000.42496248   9.8939391139695787E-01
  2459000.42546273   9.8939355757319303E-01
  2459000.42596298   9.8939320532692898E-01
  2459000.42646323   9.8939285466297300E-01
  2459000.42696348   9.8939250558613301E-01
  2459000.42746373   9.8939215810121661E-01
  2459000.42796398   9.8939181221303163E-01
  2459000.42846423   9.8939146792638633E-01
  2459000.42896448   9.8939112524608874E-01
  2459000.42946473   9.8939078417694737E-01
  2459000.42996498   9.8939044472377069E-01
  2459000.43046523   9.8939010689136775E-01
  2459000.43096548   9.8938977068454748E-01
  2459000.43146573   9.8938943610811936E-01
  2459000.43196598   9.8938910316689277E-01
  2459000.43246623   9.8938877186567808E-01
  2459000.43296648   9.8938844220928512E-01
  2459000.43346673   9.8938811420252493E-01
  2459000.43396698   9.8938778785020798E-01
  2459000.43446723   9.8938746315714621E-01
  2459000.43496748   9.8938714012815110E-01
  2459000.43546773   9.8938681876803491E-01
  2459000.43596798   9.8938649908161036E-01
  2459000.43646823   9.8938618107369070E-01
  2459000.43696848   9.8938586474908929E-01
  2459000.43746873   9.8938555011262042E-01
  2459000.43796898   9.8938523716909887E-01
  2459000.43846923   9.8938492592362881E-01
  2459000.43896948   9.8938461638044661E-01
  2459000.43946973   9.8938430854465897E-01
  2459000.43996998   9.8938400242108315E-01
  2459000.44047023   9.8938369801453707E-01
  2459000.44097049   9.8938339532983866E-01
  2459000.44147074   9.8938309437180705E-01
  2459000.44197099   9.8938279514526228E-01
  2459000.44247124   9.8938249765502473E-01
  2459000.44297149   9.8938220190591553E-01
  2459000.44347174   9.8938190790275682E-01
  2459000.44397199   9.8938161565037130E-01
  2459000.44447224   9.8938132515358279E-01
  2459000.44497249   9.8938103641721575E-01
  2459000.44547274   9.8938074944609566E-01
  2459000.44597299   9.8938046424504844E-01
  2459000.44647324   9.8938018081890178E-01
  2459000.44697349   9.8937989917248337E-01
  2459000.44747374   9.8937961931062257E-01
  2459000.44797399   9.8937934123814930E-01
  2459000.44847424   9.8937906495989481E-01
  2459000.44897449   9.8937879048069122E-01
  2459000.44947474   9.8937851780537156E-01
  2459000.44997499   9.8937824693877019E-01
  2459000.45047524   9.8937797788572257E-01
  2459000.45097549   9.8937771065106517E-01
  2459000.45147574   9.8937744523963556E-01
  2459000.45197599   9.8937718165627286E-01
  2459000.45247624   9.8937691990605969E-01
  2459000.45297649   9.8937665999335012E-01
  2459000.45347674   9.8937640192323129E-01
  2459000.45397699   9.8937614570054699E-01
  2459000.45447724   9.8937589133014237E-01
  2459000.45497749   9.8937563881686408E-01
  2459000.45547774   9.8937538816555959E-01
  2459000.45597799   9.8937513938107846E-01
  2459000.45647824   9.8937489246827115E-01
  2459000.45697849   9.8937464743198988E-01
  2459000.45747874   9.8937440427708812E-01
  2459000.45797899   9.8937416300842096E-01
  2459000.45847924   9.8937392363084486E-01
  2459000.45897949   9.8937368614921806E-01
  2459000.45947974   9.8937345056839998E-01
  2459000.45997999   9.8937321689325208E-01
  2459000.46048024   9.8937298512863714E-01
  2459000.46098049   9.8937275527941981E-01
  2459000.46148074   9.8937252735046621E-01
  2459000.46198099   9.8937230134664422E-01
  2459000.46248124   9.8937207727282339E-01
  2459000.46298149   9.8937185513387549E-01
  2459000.46348174   9.8937163493467328E-01
  2459000.46398199   9.8937141668009199E-01
  2459000.46448224   9.8937120037500859E-01
  2459000.46498249   9.8937098602430140E-01
  2459000.46548274   9.8937077363285142E-01
  2459000.46598299   9.8937056320573602E-01
  2459000.46648324   9.8937035474744772E-01
  2459000.46698349   9.8937014826307013E-01
  2459000.46748374   9.8936994375749165E-01
  2459000.46798399   9.8936974123560273E-01
  2459000.46848424   9.8936954070229588E-01
  2459000.46898449   9.8936934216246619E-01
  2459000.46948474   9.8936914562100997E-01
  2459000.46998499   9.8936895108282663E-01
  2459000.47048524   9.8936875855281725E-01
  2459000.47098549   9.8936856803588513E-01
  2459000.47148574   9.8936837953693590E-01
  2459000.47198599   9.8936819306087764E-01
  2459000.47248624   9.8936800861262009E-01
  2459000.47298649   9.8936782619707664E-01
  2459000.47348674   9.8936764581916159E-01
  2459000.47398699   9.8936746748379234E-01
  2459000.47448724   9.8936729119588906E-01
  2459000.47498749   9.8936711696037338E-01
  2459000.47548774   9.8936694478217035E-01
  2459000.47598799   9.8936677466620726E-01
  2459000.47648824   9.8936660661741360E-01
  2459000.47698849   9.8936644064072210E-01
  2459000.47748874   9.8936627674106736E-01
  2459000.47798899   9.8936611492338722E-01
  2459000.47848924   9.8936595519262183E-01
  2459000.47898949   9.8936579755371457E-01
  2459000.47948974   9.8936564201175448E-01
  2459000.47998999   9.8936548857140083E-01
  2459000.48049024   9.8936533723775066E-01
  2459000.48099050   9.8936518801575812E-01
  2459000.48149075   9.8936504091038036E-01
  2459000.48199100   9.8936489592657717E-01
  2459000.48249125   9.8936475306931149E-01
  2459000.48299150   9.8936461234354922E-01
  2459000.48349175   9.8936447375425907E-01
  2459000.48399200   9.8936433730641316E-01
  2459000.48449225   9.8936420300498640E-01
  2459000.48499250   9.8936407085495659E-01
  2459000.48549275   9.8936394086130530E-01
  2459000.48599300   9.8936381302901655E-01
  2459000.48649325   9.8936368736307834E-01
  2459000.48699350   9.8936356386848123E-01
  2459000.48749375   9.8936344255021924E-01
  2459000.48799400   9.8936332341328981E-01
  2459000.48849425   9.8936320646269382E-01
  2459000.48899450   9.8936309170343528E-01
  2459000.48949475   9.8936297914052174E-01
  2459000.48999500   9.8936286877896418E-01
  2459000.49049525   9.8936276062377704E-01
  2459000.49099550   9.8936265467997830E-01
  2459000.49149575   9.8936255095258940E-01
  2459000.49199600   9.8936244944663576E-01
  2459000.49249625   9.8936235016714591E-01
  2459000.49299650   9.8936225311915216E-01
  2459000.49349675   9.8936215830777796E-01
  2459000.49399700   9.8936206573788665E-01
  2459000.49449725   9.8936197541461113E-01
  2459000.49499750   9.8936188734299857E-01
  2459000.49549775   9.8936180152810060E-01
  2459000.49599800   9.8936171797497219E-01
  2459000.49649825   9.8936163668867239E-01
  2459000.49699850   9.8936155767426415E-01
  2459000.49749875   9.8936148093681464E-01
  2459000.49799900   9.8936140648139459E-01
  2459000.49849925   9.8936133431307938E-01
  2459000.49899950   9.8936126443694805E-01
  2459000.49949975   9.8936119685808421E-01
  2459000.50000000   9.8936113158157502E-01
