  -1.7250570000000001        1.0000000000000000     
  -1.6850570000000000        1.0000000000000000     
  -1.6450570000000000        1.0000000000000000     
  -1.6050570000000000        1.0000000000000000     
  -1.5650570000000001        1.0000000000000000     
  -1.5250570000000001        1.0000000000000000     
  -1.4850570000000001        1.0000000000000000     
  -1.4450570000000000        1.0000000000000000     
  -1.4050570000000000        1.0000000000000000     
  -1.3650570000000002        1.0000000000000000     
  -1.3250570000000002        1.0000000000000000     
  -1.2850570000000001        1.0000000000000000     
  -1.2450570000000001        1.0000000000000000     
  -1.2050570000000000        1.0000000000000000     
  -1.1650570000000000        1.0000000000000000     
  -1.1250570000000000        1.0000000000000000     
  -1.0850569999999999       0.99908370754947917     
  -1.0450569999999999       0.99727061746691381     
  -1.0050570000000001       0.99493706999256504     
 -0.96505700000000005       0.99232236606080604     
 -0.92505700000000002       0.98968783562830043     
 -0.88505700000000009       0.98744450374019477     
 -0.84505700000000006       0.98639503773319848     
 -0.80505700000000002       0.98565275260191199     
 -0.76505700000000010       0.98502203873519789     
 -0.72505700000000006       0.98447097869421474     
 -0.68505700000000003       0.98398235219361452     
 -0.64505699999999999       0.98354531963705438     
 -0.60505699999999996       0.98315245555321240     
 -0.56505700000000014       0.98279838744426107     
 -0.52505700000000011       0.98247907654056832     
 -0.48505700000000007       0.98219140059430710     
 -0.44505700000000004       0.98193289510627479     
 -0.40505700000000000       0.98170158448172484     
 -0.36505699999999996       0.98149586776198594     
 -0.32505699999999993       0.98131443751726033     
 -0.28505700000000012       0.98115622331912367     
 -0.24505700000000008       0.98102034894457335     
 -0.20505700000000004       0.98090610125139444     
 -0.16505700000000001       0.98081290333425986     
 -0.12505699999999997       0.98073983049980429     
  -8.5056999999999938E-002  0.98068801861667099     
  -4.5057000000000125E-002  0.98065571376000282     
  -5.0570000000000892E-003  0.98064329056740596     
   3.4942999999999946E-002  0.98065069855165998     
   7.4942999999999982E-002  0.98067796528090090     
  0.11494300000000002       0.98072524909156977     
  0.15494300000000005       0.98079261581933486     
  0.19494299999999987       0.98088056801120382     
  0.23494299999999990       0.98098944340459548     
  0.27494299999999994       0.98111978803693434     
  0.31494299999999997       0.98127227774238501     
  0.35494300000000001       0.98144774498306220     
  0.39494300000000004       0.98164720751484846     
  0.43494300000000008       0.98187190832556315     
  0.47494300000000012       0.98212336740049733     
  0.51494300000000015       0.98240345648535632     
  0.55494300000000019       0.98271450310426200     
  0.59494299999999978       0.98305944313411053     
  0.63494299999999981       0.98344205210338442     
  0.67494299999999985       0.98386731288617246     
  0.71494299999999988       0.98434203771603646     
  0.75494299999999992       0.98487601405596548     
  0.79494299999999996       0.98548439840663882     
  0.83494299999999999       0.98619389944716240     
  0.87494300000000003       0.98707014745834232     
  0.91494300000000006       0.98905974656261630     
  0.95494300000000010       0.99164611303675654     
  0.99494300000000013       0.99429316793648148     
   1.0349430000000002       0.99671994255452701     
   1.0749430000000002       0.99868922826732442     
   1.1149429999999998       0.99990337176657973     
   1.1549429999999998        1.0000000000000000     
   1.1949429999999999        1.0000000000000000     
   1.2349429999999999        1.0000000000000000     
   1.2749429999999999        1.0000000000000000     
   1.3149430000000000        1.0000000000000000     
   1.3549430000000000        1.0000000000000000     
   1.3949430000000000        1.0000000000000000     
   1.4349430000000001        1.0000000000000000     
   1.4749430000000001        1.0000000000000000     
   1.5149430000000002        1.0000000000000000     
   1.5549430000000002        1.0000000000000000     
   1.5949430000000002        1.0000000000000000     
   1.6349429999999998        1.0000000000000000     
   1.6749429999999998        1.0000000000000000     
   1.7149429999999999        1.0000000000000000     
   1.7549429999999999        1.0000000000000000     
   1.7949430000000000        1.0000000000000000     
   1.8349430000000000        1.0000000000000000     
   1.8749430000000000        1.0000000000000000     
   1.9149430000000001        1.0000000000000000     
   1.9549430000000001        1.0000000000000000     
   1.9949430000000001        1.0000000000000000     
   2.0349430000000002        1.0000000000000000     
   2.0749430000000002        1.0000000000000000     
   2.1149429999999998        1.0000000000000000     
   2.1549429999999998        1.0000000000000000     
   2.1949429999999999        1.0000000000000000     
   2.2349429999999999        1.0000000000000000     
