  2455252.75000000   1.0000000000000000E+00
  2455252.75050025   1.0000000000000000E+00
  2455252.75100050   1.0000000000000000E+00
  2455252.75150075   1.0000000000000000E+00
  2455252.75200100   1.0000000000000000E+00
  2455252.75250125   1.0000000000000000E+00
  2455252.75300150   1.0000000000000000E+00
  2455252.75350175   1.0000000000000000E+00
  2455252.75400200   1.0000000000000000E+00
  2455252.75450225   1.0000000000000000E+00
  2455252.75500250   1.0000000000000000E+00
  2455252.75550275   1.0000000000000000E+00
  2455252.75600300   1.0000000000000000E+00
  2455252.75650325   1.0000000000000000E+00
  2455252.75700350   1.0000000000000000E+00
  2455252.75750375   1.0000000000000000E+00
  2455252.75800400   1.0000000000000000E+00
  2455252.75850425   1.0000000000000000E+00
  2455252.75900450   1.0000000000000000E+00
  2455252.75950475   1.0000000000000000E+00
  2455252.76000500   1.0000000000000000E+00
  2455252.76050525   1.0000000000000000E+00
  2455252.76100550   1.0000000000000000E+00
  2455252.76150575   1.0000000000000000E+00
  2455252.76200600   1.0000000000000000E+00
  2455252.76250625   1.0000000000000000E+00
  2455252.76300650   1.0000000000000000E+00
  2455252.76350675   1.0000000000000000E+00
  2455252.76400700   1.0000000000000000E+00
  2455252.76450725   1.0000000000000000E+00
  2455252.76500750   1.0000000000000000E+00
  2455252.76550775   1.0000000000000000E+00
  2455252.76600800   1.0000000000000000E+00
  2455252.76650825   1.0000000000000000E+00
  2455252.76700850   1.0000000000000000E+00
  2455252.76750875   1.0000000000000000E+00
  2455252.76800900   1.0000000000000000E+00
  2455252.76850925   1.0000000000000000E+00
  2455252.76900950   1.0000000000000000E+00
  2455252.76950976   1.0000000000000000E+00
  2455252.77001001   1.0000000000000000E+00
  2455252.77051026   1.0000000000000000E+00
  2455252.77101051   1.0000000000000000E+00
  2455252.77151076   1.0000000000000000E+00
  2455252.77201101   1.0000000000000000E+00
  2455252.77251126   1.0000000000000000E+00
  2455252.77301151   1.0000000000000000E+00
  2455252.77351176   1.0000000000000000E+00
  2455252.77401201   1.0000000000000000E+00
  2455252.77451226   1.0000000000000000E+00
  2455252.77501251   1.0000000000000000E+00
  2455252.77551276   1.0000000000000000E+00
  2455252.77601301   1.0000000000000000E+00
  2455252.77651326   1.0000000000000000E+00
  2455252.77701351   1.0000000000000000E+00
  2455252.77751376   1.0000000000000000E+00
  2455252.77801401   1.0000000000000000E+00
  2455252.77851426   1.0000000000000000E+00
  2455252.77901451   1.0000000000000000E+00
  2455252.77951476   1.0000000000000000E+00
  2455252.78001501   1.0000000000000000E+00
  2455252.78051526   1.0000000000000000E+00
  2455252.78101551   1.0000000000000000E+00
  2455252.78151576   1.0000000000000000E+00
  2455252.78201601   1.0000000000000000E+00
  2455252.78251626   1.0000000000000000E+00
  2455252.78301651   1.0000000000000000E+00
  2455252.78351676   1.0000000000000000E+00
  2455252.78401701   1.0000000000000000E+00
  2455252.78451726   1.0000000000000000E+00
  2455252.78501751   1.0000000000000000E+00
  2455252.78551776   1.0000000000000000E+00
  2455252.78601801   1.0000000000000000E+00
  2455252.78651826   1.0000000000000000E+00
  2455252.78701851   1.0000000000000000E+00
  2455252.78751876   1.0000000000000000E+00
  2455252.78801901   1.0000000000000000E+00
  2455252.78851926   1.0000000000000000E+00
  2455252.78901951   1.0000000000000000E+00
  2455252.78951976   1.0000000000000000E+00
  2455252.79002001   1.0000000000000000E+00
  2455252.79052026   1.0000000000000000E+00
  2455252.79102051   1.0000000000000000E+00
  2455252.79152076   1.0000000000000000E+00
  2455252.79202101   1.0000000000000000E+00
  2455252.79252126   1.0000000000000000E+00
  2455252.79302151   1.0000000000000000E+00
  2455252.79352176   1.0000000000000000E+00
  2455252.79402201   1.0000000000000000E+00
  2455252.79452226   1.0000000000000000E+00
  2455252.79502251   1.0000000000000000E+00
  2455252.79552276   1.0000000000000000E+00
  2455252.79602301   1.0000000000000000E+00
  2455252.79652326   1.0000000000000000E+00
  2455252.79702351   1.0000000000000000E+00
  2455252.79752376   1.0000000000000000E+00
  2455252.79802401   1.0000000000000000E+00
  2455252.79852426   1.0000000000000000E+00
  2455252.79902451   1.0000000000000000E+00
  2455252.79952476   1.0000000000000000E+00
  2455252.80002501   1.0000000000000000E+00
  2455252.80052526   1.0000000000000000E+00
  2455252.80102551   1.0000000000000000E+00
  2455252.80152576   1.0000000000000000E+00
  2455252.80202601   1.0000000000000000E+00
  2455252.80252626   1.0000000000000000E+00
  2455252.80302651   1.0000000000000000E+00
  2455252.80352676   1.0000000000000000E+00
  2455252.80402701   1.0000000000000000E+00
  2455252.80452726   1.0000000000000000E+00
  2455252.80502751   1.0000000000000000E+00
  2455252.80552776   1.0000000000000000E+00
  2455252.80602801   1.0000000000000000E+00
  2455252.80652826   1.0000000000000000E+00
  2455252.80702851   1.0000000000000000E+00
  2455252.80752876   1.0000000000000000E+00
  2455252.80802901   1.0000000000000000E+00
  2455252.80852926   1.0000000000000000E+00
  2455252.80902951   1.0000000000000000E+00
  2455252.80952977   1.0000000000000000E+00
  2455252.81003002   1.0000000000000000E+00
  2455252.81053027   1.0000000000000000E+00
  2455252.81103052   1.0000000000000000E+00
  2455252.81153077   1.0000000000000000E+00
  2455252.81203102   1.0000000000000000E+00
  2455252.81253127   1.0000000000000000E+00
  2455252.81303152   1.0000000000000000E+00
  2455252.81353177   1.0000000000000000E+00
  2455252.81403202   1.0000000000000000E+00
  2455252.81453227   1.0000000000000000E+00
  2455252.81503252   1.0000000000000000E+00
  2455252.81553277   1.0000000000000000E+00
  2455252.81603302   1.0000000000000000E+00
  2455252.81653327   1.0000000000000000E+00
  2455252.81703352   1.0000000000000000E+00
  2455252.81753377   1.0000000000000000E+00
  2455252.81803402   1.0000000000000000E+00
  2455252.81853427   1.0000000000000000E+00
  2455252.81903452   1.0000000000000000E+00
  2455252.81953477   1.0000000000000000E+00
  2455252.82003502   1.0000000000000000E+00
  2455252.82053527   1.0000000000000000E+00
  2455252.82103552   1.0000000000000000E+00
  2455252.82153577   1.0000000000000000E+00
  2455252.82203602   1.0000000000000000E+00
  2455252.82253627   1.0000000000000000E+00
  2455252.82303652   1.0000000000000000E+00
  2455252.82353677   1.0000000000000000E+00
  2455252.82403702   1.0000000000000000E+00
  2455252.82453727   1.0000000000000000E+00
  2455252.82503752   1.0000000000000000E+00
  2455252.82553777   1.0000000000000000E+00
  2455252.82603802   1.0000000000000000E+00
  2455252.82653827   1.0000000000000000E+00
  2455252.82703852   1.0000000000000000E+00
  2455252.82753877   1.0000000000000000E+00
  2455252.82803902   1.0000000000000000E+00
  2455252.82853927   1.0000000000000000E+00
  2455252.82903952   1.0000000000000000E+00
  2455252.82953977   1.0000000000000000E+00
  2455252.83004002   1.0000000000000000E+00
  2455252.83054027   1.0000000000000000E+00
  2455252.83104052   1.0000000000000000E+00
  2455252.83154077   1.0000000000000000E+00
  2455252.83204102   1.0000000000000000E+00
  2455252.83254127   1.0000000000000000E+00
  2455252.83304152   1.0000000000000000E+00
  2455252.83354177   1.0000000000000000E+00
  2455252.83404202   1.0000000000000000E+00
  2455252.83454227   1.0000000000000000E+00
  2455252.83504252   1.0000000000000000E+00
  2455252.83554277   1.0000000000000000E+00
  2455252.83604302   1.0000000000000000E+00
  2455252.83654327   1.0000000000000000E+00
  2455252.83704352   1.0000000000000000E+00
  2455252.83754377   1.0000000000000000E+00
  2455252.83804402   1.0000000000000000E+00
  2455252.83854427   1.0000000000000000E+00
  2455252.83904452   1.0000000000000000E+00
  2455252.83954477   1.0000000000000000E+00
  2455252.84004502   1.0000000000000000E+00
  2455252.84054527   1.0000000000000000E+00
  2455252.84104552   1.0000000000000000E+00
  2455252.84154577   1.0000000000000000E+00
  2455252.84204602   1.0000000000000000E+00
  2455252.84254627   1.0000000000000000E+00
  2455252.84304652   1.0000000000000000E+00
  2455252.84354677   1.0000000000000000E+00
  2455252.84404702   1.0000000000000000E+00
  2455252.84454727   1.0000000000000000E+00
  2455252.84504752   1.0000000000000000E+00
  2455252.84554777   1.0000000000000000E+00
  2455252.84604802   1.0000000000000000E+00
  2455252.84654827   1.0000000000000000E+00
  2455252.84704852   1.0000000000000000E+00
  2455252.84754877   1.0000000000000000E+00
  2455252.84804902   1.0000000000000000E+00
  2455252.84854927   1.0000000000000000E+00
  2455252.84904952   1.0000000000000000E+00
  2455252.84954978   1.0000000000000000E+00
  2455252.85005003   1.0000000000000000E+00
  2455252.85055028   1.0000000000000000E+00
  2455252.85105053   1.0000000000000000E+00
  2455252.85155078   1.0000000000000000E+00
  2455252.85205103   1.0000000000000000E+00
  2455252.85255128   1.0000000000000000E+00
  2455252.85305153   1.0000000000000000E+00
  2455252.85355178   1.0000000000000000E+00
  2455252.85405203   1.0000000000000000E+00
  2455252.85455228   1.0000000000000000E+00
  2455252.85505253   1.0000000000000000E+00
  2455252.85555278   1.0000000000000000E+00
  2455252.85605303   1.0000000000000000E+00
  2455252.85655328   1.0000000000000000E+00
  2455252.85705353   1.0000000000000000E+00
  2455252.85755378   1.0000000000000000E+00
  2455252.85805403   1.0000000000000000E+00
  2455252.85855428   1.0000000000000000E+00
  2455252.85905453   1.0000000000000000E+00
  2455252.85955478   1.0000000000000000E+00
  2455252.86005503   1.0000000000000000E+00
  2455252.86055528   1.0000000000000000E+00
  2455252.86105553   1.0000000000000000E+00
  2455252.86155578   1.0000000000000000E+00
  2455252.86205603   1.0000000000000000E+00
  2455252.86255628   1.0000000000000000E+00
  2455252.86305653   1.0000000000000000E+00
  2455252.86355678   1.0000000000000000E+00
  2455252.86405703   1.0000000000000000E+00
  2455252.86455728   1.0000000000000000E+00
  2455252.86505753   1.0000000000000000E+00
  2455252.86555778   1.0000000000000000E+00
  2455252.86605803   1.0000000000000000E+00
  2455252.86655828   1.0000000000000000E+00
  2455252.86705853   1.0000000000000000E+00
  2455252.86755878   1.0000000000000000E+00
  2455252.86805903   1.0000000000000000E+00
  2455252.86855928   1.0000000000000000E+00
  2455252.86905953   1.0000000000000000E+00
  2455252.86955978   1.0000000000000000E+00
  2455252.87006003   1.0000000000000000E+00
  2455252.87056028   1.0000000000000000E+00
  2455252.87106053   1.0000000000000000E+00
  2455252.87156078   1.0000000000000000E+00
  2455252.87206103   1.0000000000000000E+00
  2455252.87256128   1.0000000000000000E+00
  2455252.87306153   1.0000000000000000E+00
  2455252.87356178   1.0000000000000000E+00
  2455252.87406203   1.0000000000000000E+00
  2455252.87456228   1.0000000000000000E+00
  2455252.87506253   1.0000000000000000E+00
  2455252.87556278   1.0000000000000000E+00
  2455252.87606303   1.0000000000000000E+00
  2455252.87656328   1.0000000000000000E+00
  2455252.87706353   1.0000000000000000E+00
  2455252.87756378   1.0000000000000000E+00
  2455252.87806403   1.0000000000000000E+00
  2455252.87856428   1.0000000000000000E+00
  2455252.87906453   1.0000000000000000E+00
  2455252.87956478   1.0000000000000000E+00
  2455252.88006503   1.0000000000000000E+00
  2455252.88056528   1.0000000000000000E+00
  2455252.88106553   1.0000000000000000E+00
  2455252.88156578   1.0000000000000000E+00
  2455252.88206603   1.0000000000000000E+00
  2455252.88256628   1.0000000000000000E+00
  2455252.88306653   1.0000000000000000E+00
  2455252.88356678   1.0000000000000000E+00
  2455252.88406703   1.0000000000000000E+00
  2455252.88456728   1.0000000000000000E+00
  2455252.88506753   1.0000000000000000E+00
  2455252.88556778   1.0000000000000000E+00
  2455252.88606803   1.0000000000000000E+00
  2455252.88656828   1.0000000000000000E+00
  2455252.88706853   1.0000000000000000E+00
  2455252.88756878   1.0000000000000000E+00
  2455252.88806903   1.0000000000000000E+00
  2455252.88856928   1.0000000000000000E+00
  2455252.88906953   1.0000000000000000E+00
  2455252.88956978   1.0000000000000000E+00
  2455252.89007004   1.0000000000000000E+00
  2455252.89057029   1.0000000000000000E+00
  2455252.89107054   1.0000000000000000E+00
  2455252.89157079   1.0000000000000000E+00
  2455252.89207104   1.0000000000000000E+00
  2455252.89257129   1.0000000000000000E+00
  2455252.89307154   1.0000000000000000E+00
  2455252.89357179   1.0000000000000000E+00
  2455252.89407204   1.0000000000000000E+00
  2455252.89457229   1.0000000000000000E+00
  2455252.89507254   1.0000000000000000E+00
  2455252.89557279   1.0000000000000000E+00
  2455252.89607304   1.0000000000000000E+00
  2455252.89657329   1.0000000000000000E+00
  2455252.89707354   1.0000000000000000E+00
  2455252.89757379   1.0000000000000000E+00
  2455252.89807404   1.0000000000000000E+00
  2455252.89857429   1.0000000000000000E+00
  2455252.89907454   1.0000000000000000E+00
  2455252.89957479   1.0000000000000000E+00
  2455252.90007504   1.0000000000000000E+00
  2455252.90057529   1.0000000000000000E+00
  2455252.90107554   1.0000000000000000E+00
  2455252.90157579   1.0000000000000000E+00
  2455252.90207604   1.0000000000000000E+00
  2455252.90257629   1.0000000000000000E+00
  2455252.90307654   1.0000000000000000E+00
  2455252.90357679   1.0000000000000000E+00
  2455252.90407704   1.0000000000000000E+00
  2455252.90457729   1.0000000000000000E+00
  2455252.90507754   1.0000000000000000E+00
  2455252.90557779   1.0000000000000000E+00
  2455252.90607804   1.0000000000000000E+00
  2455252.90657829   1.0000000000000000E+00
  2455252.90707854   1.0000000000000000E+00
  2455252.90757879   1.0000000000000000E+00
  2455252.90807904   1.0000000000000000E+00
  2455252.90857929   1.0000000000000000E+00
  2455252.90907954   1.0000000000000000E+00
  2455252.90957979   1.0000000000000000E+00
  2455252.91008004   1.0000000000000000E+00
  2455252.91058029   1.0000000000000000E+00
  2455252.91108054   1.0000000000000000E+00
  2455252.91158079   9.9999634215332411E-01
  2455252.91208104   9.9998653759860157E-01
  2455252.91258129   9.9997295079043946E-01
  2455252.91308154   9.9995626696025497E-01
  2455252.91358179   9.9993686223125267E-01
  2455252.91408204   9.9991498619265262E-01
  2455252.91458229   9.9989082135158369E-01
  2455252.91508254   9.9986450946082550E-01
  2455252.91558279   9.9983616527955743E-01
  2455252.91608304   9.9980588457809483E-01
  2455252.91658329   9.9977374916039652E-01
  2455252.91708354   9.9973983019912482E-01
  2455252.91758379   9.9970419055016113E-01
  2455252.91808404   9.9966688641684731E-01
  2455252.91858429   9.9962796858196457E-01
  2455252.91908454   9.9958748334223091E-01
  2455252.91958479   9.9954547323197362E-01
  2455252.92008504   9.9950197759361037E-01
  2455252.92058529   9.9945703303437783E-01
  2455252.92108554   9.9941067379704696E-01
  2455252.92158579   9.9936293210949589E-01
  2455252.92208604   9.9931383825850184E-01
  2455252.92258629   9.9926342106842891E-01
  2455252.92308654   9.9921170790401181E-01
  2455252.92358679   9.9915872486701551E-01
  2455252.92408704   9.9910449692748104E-01
  2455252.92458729   9.9904904803721462E-01
  2455252.92508754   9.9899240122846189E-01
  2455252.92558779   9.9893457870023583E-01
  2455252.92608804   9.9887560189422353E-01
  2455252.92658829   9.9881549156186500E-01
  2455252.92708854   9.9875426782387600E-01
  2455252.92758879   9.9869195022335988E-01
  2455252.92808904   9.9862855777330595E-01
  2455252.92858929   9.9856410899929227E-01
  2455252.92908954   9.9849862197799588E-01
  2455252.92958979   9.9843211437201962E-01
  2455252.93009005   9.9836460346155798E-01
  2455252.93059030   9.9829610617319031E-01
  2455252.93109055   9.9822663910620624E-01
  2455252.93159080   9.9815621855671866E-01
  2455252.93209105   9.9808486053982082E-01
  2455252.93259130   9.9801258080997013E-01
  2455252.93309155   9.9793939487986505E-01
  2455252.93359180   9.9786531803787315E-01
  2455252.93409205   9.9779036536423060E-01
  2455252.93459230   9.9771455174611756E-01
  2455252.93509255   9.9763789196343156E-01
  2455252.93559280   9.9756040041575544E-01
  2455252.93609305   9.9748209156276979E-01
  2455252.93659330   9.9740297965120428E-01
  2455252.93709355   9.9732307879665560E-01
  2455252.93759380   9.9724240299385392E-01
  2455252.93809405   9.9716096612636407E-01
  2455252.93859430   9.9707878197578159E-01
  2455252.93909455   9.9699586423043463E-01
  2455252.93959480   9.9691222649372413E-01
  2455252.94009505   9.9682788229201935E-01
  2455252.94059530   9.9674284508223376E-01
  2455252.94109555   9.9665712825908070E-01
  2455252.94159580   9.9657074516200983E-01
  2455252.94209605   9.9648370908194295E-01
  2455252.94259630   9.9639603326770665E-01
  2455252.94309655   9.9630773093228098E-01
  2455252.94359680   9.9621881525884692E-01
  2455252.94409705   9.9612929940666317E-01
  2455252.94459730   9.9603919651675143E-01
  2455252.94509755   9.9594851971750920E-01
  2455252.94559780   9.9585728213012958E-01
  2455252.94609805   9.9576549687394433E-01
  2455252.94659830   9.9567317707167180E-01
  2455252.94709855   9.9558033585454830E-01
  2455252.94759880   9.9548698636745925E-01
  2455252.94809905   9.9539314177394456E-01
  2455252.94859930   9.9529881526119335E-01
  2455252.94909955   9.9520402013345721E-01
  2455252.94959980   9.9510876946357130E-01
  2455252.95010005   9.9501307662735605E-01
  2455252.95060030   9.9491695495599719E-01
  2455252.95110055   9.9482041782897601E-01
  2455252.95160080   9.9472347867907251E-01
  2455252.95210105   9.9462615099732266E-01
  2455252.95260130   9.9452844833806076E-01
  2455252.95310155   9.9443038432401221E-01
  2455252.95360180   9.9433197265141826E-01
  2455252.95410205   9.9423322709530992E-01
  2455252.95460230   9.9413416151479816E-01
  2455252.95510255   9.9403478985849980E-01
  2455252.95560280   9.9393512617007118E-01
  2455252.95610305   9.9383518459387554E-01
  2455252.95660330   9.9373497938074984E-01
  2455252.95710355   9.9363452489400539E-01
  2455252.95760380   9.9353383561551689E-01
  2455252.95810405   9.9343292615203826E-01
  2455252.95860430   9.9333181124171799E-01
  2455252.95910455   9.9323050576079197E-01
  2455252.95960480   9.9312902473059750E-01
  2455252.96010505   9.9302738332476226E-01
  2455252.96060530   9.9292559687671600E-01
  2455252.96110555   9.9282368088749318E-01
  2455252.96160580   9.9272165103387500E-01
  2455252.96210605   9.9261952317684388E-01
  2455252.96260630   9.9251731346568139E-01
  2455252.96310655   9.9241503797093567E-01
  2455252.96360680   9.9231271324797043E-01
  2455252.96410705   9.9221035599174046E-01
  2455252.96460730   9.9210798312629089E-01
  2455252.96510755   9.9200561182008851E-01
  2455252.96560780   9.9190325949797908E-01
  2455252.96610805   9.9180094385378048E-01
  2455252.96660830   9.9169868286368912E-01
  2455252.96710855   9.9159649480040812E-01
  2455252.96760880   9.9149439824819097E-01
  2455252.96810905   9.9139241211883544E-01
  2455252.96860930   9.9129055566868574E-01
  2455252.96910955   9.9118884851685130E-01
  2455252.96960980   9.9108731066460476E-01
  2455252.97011006   9.9098596251619409E-01
  2455252.97061031   9.9088482490116869E-01
  2455252.97111056   9.9078391909838470E-01
  2455252.97161081   9.9068326686182506E-01
  2455252.97211106   9.9058289044855385E-01
  2455252.97261131   9.9048281264887084E-01
  2455252.97311156   9.9038305681905048E-01
  2455252.97361181   9.9028364691691784E-01
  2455252.97411206   9.9018460754057258E-01
  2455252.97461231   9.9008596397075732E-01
  2455252.97511256   9.8998774221718455E-01
  2455252.97561281   9.8988996906945870E-01
  2455252.97611306   9.8979267224350664E-01
  2455252.97661331   9.8969588008171072E-01
  2455252.97711356   9.8959962216511710E-01
  2455252.97761381   9.8950392902716389E-01
  2455252.97811406   9.8940883232989596E-01
  2455252.97861431   9.8931436495983249E-01
  2455252.97911456   9.8922056113589596E-01
  2455252.97961481   9.8912745653158884E-01
  2455252.98011506   9.8902390725487432E-01
  2455252.98061531   9.8889202000813159E-01
  2455252.98111556   9.8874319230897922E-01
  2455252.98161581   9.8858138163090647E-01
  2455252.98211606   9.8840897505198588E-01
  2455252.98261631   9.8822776515347988E-01
  2455252.98311656   9.8803925126301229E-01
  2455252.98361681   9.8784477281089933E-01
  2455252.98411706   9.8764558169359284E-01
  2455252.98461731   9.8744288813595327E-01
  2455252.98511756   9.8723789422992636E-01
  2455252.98561781   9.8703182226491726E-01
  2455252.98611806   9.8682594235470977E-01
  2455252.98661831   9.8662160323108450E-01
  2455252.98711856   9.8642027082013461E-01
  2455252.98761881   9.8622358173922453E-01
  2455252.98811906   9.8603342493063950E-01
  2455252.98861931   9.8585207984806422E-01
  2455252.98911956   9.8568248362855138E-01
  2455252.98961981   9.8552886466945089E-01
  2455252.99012006   9.8539903420941699E-01
  2455252.99062031   9.8529398007164792E-01
  2455252.99112056   9.8519516963856868E-01
  2455252.99162081   9.8510668953952207E-01
  2455252.99212106   9.8502705653744715E-01
  2455252.99262131   9.8495049419052982E-01
  2455252.99312156   9.8487647414668911E-01
  2455252.99362181   9.8480465091032476E-01
  2455252.99412206   9.8473477192386449E-01
  2455252.99462231   9.8466664201463250E-01
  2455252.99512256   9.8460010475616178E-01
  2455252.99562281   9.8453503141614795E-01
  2455252.99612306   9.8447131388262110E-01
  2455252.99662331   9.8440885988317539E-01
  2455252.99712356   9.8434758961743662E-01
  2455252.99762381   9.8428743330584134E-01
  2455252.99812406   9.8422832935692328E-01
  2455252.99862431   9.8417022296609746E-01
  2455252.99912456   9.8411306502376894E-01
  2455252.99962481   9.8405681125051303E-01
  2455253.00012506   9.8400142150227388E-01
  2455253.00062531   9.8394685920514602E-01
  2455253.00112556   9.8389309089042432E-01
  2455253.00162581   9.8384008580837057E-01
  2455253.00212606   9.8378781560445072E-01
  2455253.00262631   9.8373625404578080E-01
  2455253.00312656   9.8368537678828494E-01
  2455253.00362681   9.8363516122360573E-01
  2455253.00412706   9.8358558612075764E-01
  2455253.00462731   9.8353663175739803E-01
  2455253.00512756   9.8348827960227680E-01
  2455253.00562781   9.8344051224845741E-01
  2455253.00612806   9.8339331331316215E-01
  2455253.00662831   9.8334666734930032E-01
  2455253.00712856   9.8330055976700970E-01
  2455253.00762881   9.8325497676379936E-01
  2455253.00812906   9.8320990526218188E-01
  2455253.00862931   9.8316533285375685E-01
  2455253.00912956   9.8312124774896359E-01
  2455253.00962981   9.8307763873178411E-01
  2455253.01013007   9.8303449511879903E-01
  2455253.01063032   9.8299180672207254E-01
  2455253.01113057   9.8294956381545506E-01
  2455253.01163082   9.8290775710387734E-01
  2455253.01213107   9.8286637769533902E-01
  2455253.01263132   9.8282541707528903E-01
  2455253.01313157   9.8278486708314028E-01
  2455253.01363182   9.8274471989072343E-01
  2455253.01413207   9.8270496798245099E-01
  2455253.01463232   9.8266560413704684E-01
  2455253.01513257   9.8262662141068147E-01
  2455253.01563282   9.8258801312138000E-01
  2455253.01613307   9.8254977283457789E-01
  2455253.01663332   9.8251189434974395E-01
  2455253.01713357   9.8247437172270435E-01
  2455253.01763382   9.8243719911469707E-01
  2455253.01813407   9.8240037099117206E-01
  2455253.01863432   9.8236388197171154E-01
  2455253.01913457   9.8232772685575442E-01
  2455253.01963482   9.8229190061383043E-01
  2455253.02013507   9.8225639837937573E-01
  2455253.02063532   9.8222121544104934E-01
  2455253.02113557   9.8218634723553422E-01
  2455253.02163582   9.8215178934078162E-01
  2455253.02213607   9.8211753746966235E-01
  2455253.02263632   9.8208358746398527E-01
  2455253.02313657   9.8204993528888851E-01
  2455253.02363682   9.8201657702753153E-01
  2455253.02413707   9.8198350887609931E-01
  2455253.02463732   9.8195072713909015E-01
  2455253.02513757   9.8191822822484842E-01
  2455253.02563782   9.8188600864136488E-01
  2455253.02613807   9.8185406499228101E-01
  2455253.02663832   9.8182239397311699E-01
  2455253.02713857   9.8179099236769152E-01
  2455253.02763882   9.8175985704473445E-01
  2455253.02813907   9.8172898495465588E-01
  2455253.02863932   9.8169837312650299E-01
  2455253.02913957   9.8166801866504461E-01
  2455253.02963982   9.8163791874801165E-01
  2455253.03014007   9.8160807062347089E-01
  2455253.03064032   9.8157847160731315E-01
  2455253.03114057   9.8154911910809206E-01
  2455253.03164082   9.8152001051567805E-01
  2455253.03214107   9.8149114336303189E-01
  2455253.03264132   9.8146251521461658E-01
  2455253.03314157   9.8143412369185934E-01
  2455253.03364182   9.8140596647126677E-01
  2455253.03414207   9.8137804128262440E-01
  2455253.03464232   9.8135034590726478E-01
  2455253.03514257   9.8132287817643182E-01
  2455253.03564282   9.8129563596969316E-01
  2455253.03614307   9.8126861721343250E-01
  2455253.03664332   9.8124181987940384E-01
  2455253.03714357   9.8121524198333610E-01
  2455253.03764382   9.8118888158361517E-01
  2455253.03814407   9.8116273677999932E-01
  2455253.03864432   9.8113680571239847E-01
  2455253.03914457   9.8111108655969703E-01
  2455253.03964482   9.8108557753862891E-01
  2455253.04014507   9.8106027690268416E-01
  2455253.04064532   9.8103518294107950E-01
  2455253.04114557   9.8101029397774742E-01
  2455253.04164582   9.8098560837037574E-01
  2455253.04214607   9.8096112450948203E-01
  2455253.04264632   9.8093684081751453E-01
  2455253.04314657   9.8091275574800285E-01
  2455253.04364682   9.8088886778472528E-01
  2455253.04414707   9.8086517544091256E-01
  2455253.04464732   9.8084167728026561E-01
  2455253.04514757   9.8081837182889886E-01
  2455253.04564782   9.8079525770586951E-01
  2455253.04614807   9.8077233353481597E-01
  2455253.04664832   9.8074959796525207E-01
  2455253.04714857   9.8072704967193503E-01
  2455253.04764882   9.8070468735424221E-01
  2455253.04814907   9.8068250973557469E-01
  2455253.04864932   9.8066051556278244E-01
  2455253.04914957   9.8063870360560690E-01
  2455253.04964982   9.8061707265613951E-01
  2455253.05015007   9.8059562152831037E-01
  2455253.05065033   9.8057434905737895E-01
  2455253.05115058   9.8055325409945182E-01
  2455253.05165083   9.8053233553101338E-01
  2455253.05215108   9.8051159224846707E-01
  2455253.05265133   9.8049102316770498E-01
  2455253.05315158   9.8047062722367606E-01
  2455253.05365183   9.8045040336997868E-01
  2455253.05415208   9.8043035057846228E-01
  2455253.05465233   9.8041046783884256E-01
  2455253.05515258   9.8039075415832622E-01
  2455253.05565283   9.8037120856125670E-01
  2455253.05615308   9.8035183008875992E-01
  2455253.05665333   9.8033261779840841E-01
  2455253.05715358   9.8031357076389425E-01
  2455253.05765383   9.8029468807470888E-01
  2455253.05815408   9.8027596883584145E-01
  2455253.05865433   9.8025741218467688E-01
  2455253.05915458   9.8023901722176399E-01
  2455253.05965483   9.8022078311417904E-01
  2455253.06015508   9.8020270902601003E-01
  2455253.06065533   9.8018479413544446E-01
  2455253.06115558   9.8016703763451563E-01
  2455253.06165583   9.8014943872885418E-01
  2455253.06215608   9.8013199663745643E-01
  2455253.06265633   9.8011471059244926E-01
  2455253.06315658   9.8009757983886814E-01
  2455253.06365683   9.8008060363444371E-01
  2455253.06415708   9.8006378124938420E-01
  2455253.06465733   9.8004711196618488E-01
  2455253.06515758   9.8003059507942258E-01
  2455253.06565783   9.8001422989557030E-01
  2455253.06615808   9.7999801573281131E-01
  2455253.06665833   9.7998195192086468E-01
  2455253.06715858   9.7996603780080593E-01
  2455253.06765883   9.7995027272491031E-01
  2455253.06815908   9.7993465605648544E-01
  2455253.06865933   9.7991918716971893E-01
  2455253.06915958   9.7990386544952657E-01
  2455253.06965983   9.7988869029140580E-01
  2455253.07016008   9.7987366110130092E-01
  2455253.07066033   9.7985877729546267E-01
  2455253.07116058   9.7984403830032152E-01
  2455253.07166083   9.7982944355235946E-01
  2455253.07216108   9.7981499251137638E-01
  2455253.07266133   9.7980068460669723E-01
  2455253.07316158   9.7978651931777461E-01
  2455253.07366183   9.7977249612013484E-01
  2455253.07416208   9.7975861449879931E-01
  2455253.07466233   9.7974487394818122E-01
  2455253.07516258   9.7973127397199222E-01
  2455253.07566283   9.7971781408315228E-01
  2455253.07616308   9.7970449380369895E-01
  2455253.07666333   9.7969131266470966E-01
  2455253.07716358   9.7967827020621989E-01
  2455253.07766383   9.7966536597714937E-01
  2455253.07816408   9.7965259953522910E-01
  2455253.07866433   9.7963997044693696E-01
  2455253.07916458   9.7962747828742924E-01
  2455253.07966483   9.7961512264048700E-01
  2455253.08016508   9.7960290309845621E-01
  2455253.08066533   9.7959081926219549E-01
  2455253.08116558   9.7957887074103023E-01
  2455253.08166583   9.7956705715270154E-01
  2455253.08216608   9.7955537812333215E-01
  2455253.08266633   9.7954383328738492E-01
  2455253.08316658   9.7953242228762938E-01
  2455253.08366683   9.7952114477511110E-01
  2455253.08416708   9.7951000040912739E-01
  2455253.08466733   9.7949898885719866E-01
  2455253.08516758   9.7948810979505629E-01
  2455253.08566783   9.7947736291656573E-01
  2455253.08616808   9.7946674789382171E-01
  2455253.08666833   9.7945626443716549E-01
  2455253.08716858   9.7944591225504074E-01
  2455253.08766883   9.7943569106405948E-01
  2455253.08816908   9.7942560058900263E-01
  2455253.08866933   9.7941564056283281E-01
  2455253.08916958   9.7940581072670152E-01
  2455253.08966983   9.7939611082996569E-01
  2455253.09017008   9.7938654063020780E-01
  2455253.09067034   9.7937709989325972E-01
  2455253.09117059   9.7936778839322713E-01
  2455253.09167084   9.7935860591252766E-01
  2455253.09217109   9.7934955224192288E-01
  2455253.09267134   9.7934062718056092E-01
  2455253.09317159   9.7933183053602302E-01
  2455253.09367184   9.7932316212436998E-01
  2455253.09417209   9.7931462177020201E-01
  2455253.09467234   9.7930620930671664E-01
  2455253.09517259   9.7929792457577280E-01
  2455253.09567284   9.7928976742796181E-01
  2455253.09617309   9.7928173772268345E-01
  2455253.09667334   9.7927383532822365E-01
  2455253.09717359   9.7926606012184525E-01
  2455253.09767384   9.7925841198987762E-01
  2455253.09817409   9.7925089082781436E-01
  2455253.09867434   9.7924349654041853E-01
  2455253.09917459   9.7923622904183394E-01
  2455253.09967484   9.7922908826228572E-01
  2455253.10017509   9.7922207412174256E-01
  2455253.10067534   9.7921518656991868E-01
  2455253.10117559   9.7920842555971510E-01
  2455253.10167584   9.7920179105406635E-01
  2455253.10217609   9.7919528302609393E-01
  2455253.10267634   9.7918890145927051E-01
  2455253.10317659   9.7918264634758434E-01
  2455253.10367684   9.7917651769572245E-01
  2455253.10417709   9.7917051551925682E-01
  2455253.10467734   9.7916463984483981E-01
  2455253.10517759   9.7915889071041196E-01
  2455253.10567784   9.7915326816541948E-01
  2455253.10617809   9.7914777227103866E-01
  2455253.10667834   9.7914240310041945E-01
  2455253.10717859   9.7913716073893164E-01
  2455253.10767884   9.7913204528442999E-01
  2455253.10817909   9.7912705684752799E-01
  2455253.10867934   9.7912219555188507E-01
  2455253.10917959   9.7911746153451251E-01
  2455253.10967984   9.7911285494608802E-01
  2455253.11018009   9.7910837595128819E-01
  2455253.11068034   9.7910402472913738E-01
  2455253.11118059   9.7909980147337272E-01
  2455253.11168084   9.7909570639282562E-01
  2455253.11218109   9.7909173971182550E-01
  2455253.11268134   9.7908790167061932E-01
  2455253.11318159   9.7908419252920631E-01
  2455253.11368184   9.7908061255410939E-01
  2455253.11418209   9.7907716203957895E-01
  2455253.11468234   9.7907384129417208E-01
  2455253.11518259   9.7907065064479792E-01
  2455253.11568284   9.7906759043728409E-01
  2455253.11618309   9.7906466103696554E-01
  2455253.11668334   9.7906186282930407E-01
  2455253.11718359   9.7905919622054283E-01
  2455253.11768384   9.7905666163839111E-01
  2455253.11818409   9.7905425953274472E-01
  2455253.11868434   9.7905199037644763E-01
  2455253.11918459   9.7904985466609007E-01
  2455253.11968484   9.7904785292284913E-01
  2455253.12018509   9.7904598569337875E-01
  2455253.12068534   9.7904425355074054E-01
  2455253.12118559   9.7904265709539340E-01
  2455253.12168584   9.7904119695623304E-01
  2455253.12218609   9.7903987379168922E-01
  2455253.12268634   9.7903868829088903E-01
  2455253.12318659   9.7903764117488190E-01
  2455253.12368684   9.7903673319793694E-01
  2455253.12418709   9.7903596514891800E-01
  2455253.12468734   9.7903533785273689E-01
  2455253.12518759   9.7903485217189490E-01
  2455253.12568784   9.7903450900811839E-01
  2455253.12618809   9.7903430930409119E-01
  2455253.12668834   9.7903425404529965E-01
  2455253.12718859   9.7903434426183866E-01
  2455253.12768884   9.7903458103096475E-01
  2455253.12818909   9.7903496547881319E-01
  2455253.12868934   9.7903549878296081E-01
  2455253.12918959   9.7903618217493071E-01
  2455253.12968984   9.7903701694288447E-01
  2455253.13019009   9.7903800443449629E-01
  2455253.13069035   9.7903914606003251E-01
  2455253.13119060   9.7904044329564410E-01
  2455253.13169085   9.7904189768689853E-01
  2455253.13219110   9.7904351085257202E-01
  2455253.13269135   9.7904528448871797E-01
  2455253.13319160   9.7904722037305225E-01
  2455253.13369185   9.7904932036966930E-01
  2455253.13419210   9.7905158643413193E-01
  2455253.13469235   9.7905402061897018E-01
  2455253.13519260   9.7905662507962421E-01
  2455253.13569285   9.7905940208088482E-01
  2455253.13619310   9.7906235400388097E-01
  2455253.13669335   9.7906548335367138E-01
  2455253.13719360   9.7906879276750736E-01
  2455253.13769385   9.7907228502384414E-01
  2455253.13819410   9.7907596305218647E-01
  2455253.13869435   9.7907982994386078E-01
  2455253.13919460   9.7908388896383736E-01
  2455253.13969485   9.7908814356371898E-01
  2455253.14019510   9.7909259739605425E-01
  2455253.14069535   9.7909725432571015E-01
  2455253.14119560   9.7910211846489836E-01
  2455253.14169585   9.7910719416659442E-01
  2455253.14219610   9.7911248606330226E-01
  2455253.14269635   9.7911799908695363E-01
  2455253.14319660   9.7912373849594247E-01
  2455253.14369685   9.7912970990550274E-01
  2455253.14419710   9.7913591932197286E-01
  2455253.14469735   9.7914237318158104E-01
  2455253.14519760   9.7914907839453746E-01
  2455253.14569785   9.7915604239537379E-01
  2455253.14619810   9.7916327320069108E-01
  2455253.14669835   9.7917077947573861E-01
  2455253.14719860   9.7917857061160474E-01
  2455253.14769885   9.7918665681524164E-01
  2455253.14819910   9.7919504921514977E-01
  2455253.14869935   9.7920375998632470E-01
  2455253.14919960   9.7921280249914711E-01
  2455253.14969985   9.7922219149833312E-01
  2455253.15020010   9.7923194332009356E-01
  2455253.15070035   9.7924207615848424E-01
  2455253.15120060   9.7925261039604117E-01
  2455253.15170085   9.7926356901982792E-01
  2455253.15220110   9.7927497815313136E-01
  2455253.15270135   9.7928686774718943E-01
  2455253.15320160   9.7929927250000337E-01
  2455253.15370185   9.7931223310705684E-01
  2455253.15420210   9.7932579800161246E-01
  2455253.15470235   9.7934002595299052E-01
  2455253.15520260   9.7935498986101310E-01
  2455253.15570285   9.7937078303459479E-01
  2455253.15620310   9.7938753000892342E-01
  2455253.15670335   9.7940540755935801E-01
  2455253.15720360   9.7942469310896907E-01
  2455253.15770385   9.7944591902658584E-01
  2455253.15820410   9.7946675419586959E-01
  2455253.15870435   9.7949430197271303E-01
  2455253.15920460   9.7953305543917257E-01
  2455253.15970485   9.7957927902963904E-01
  2455253.16020510   9.7963111190847674E-01
  2455253.16070535   9.7968733194322422E-01
  2455253.16120560   9.7974703604453395E-01
  2455253.16170585   9.7980951028150176E-01
  2455253.16220610   9.7987416490796497E-01
  2455253.16270635   9.7994049745673906E-01
  2455253.16320660   9.8000806986077549E-01
  2455253.16370685   9.8007649332109037E-01
  2455253.16420710   9.8014541777906117E-01
  2455253.16470735   9.8021452428289124E-01
  2455253.16520760   9.8028351925386537E-01
  2455253.16570785   9.8035213004186883E-01
  2455253.16620810   9.8042010137739111E-01
  2455253.16670835   9.8048719245605331E-01
  2455253.16720860   9.8055317447049650E-01
  2455253.16770885   9.8061782845325962E-01
  2455253.16820910   9.8068094326620758E-01
  2455253.16870935   9.8074231399639500E-01
  2455253.16920960   9.8080173979761298E-01
  2455253.16970985   9.8085902226810062E-01
  2455253.17021010   9.8091396338070225E-01
  2455253.17071036   9.8096636319618691E-01
  2455253.17121061   9.8101601712706699E-01
  2455253.17171086   9.8106271249410570E-01
  2455253.17221111   9.8110622396659508E-01
  2455253.17271136   9.8114630719614193E-01
  2455253.17321161   9.8118268939632713E-01
  2455253.17371186   9.8121505442123780E-01
  2455253.17421211   9.8124301701131844E-01
  2455253.17471236   9.8126607318904591E-01
  2455253.17521261   9.8128348189990655E-01
  2455253.17571286   9.8129387993860884E-01
  2455253.17621311   9.8129292900100606E-01
  2455253.17671336   9.8128776554551889E-01
  2455253.17721361   9.8128263964370011E-01
  2455253.17771386   9.8127755124208782E-01
  2455253.17821411   9.8127250028770974E-01
  2455253.17871436   9.8126748672808040E-01
  2455253.17921461   9.8126251051119739E-01
  2455253.17971486   9.8125757158554028E-01
  2455253.18021511   9.8125266990006532E-01
  2455253.18071536   9.8124780540420553E-01
  2455253.18121561   9.8124297804786564E-01
  2455253.18171586   9.8123818778586280E-01
  2455253.18221611   9.8123343456012058E-01
  2455253.18271636   9.8122871832642156E-01
  2455253.18321661   9.8122403903653499E-01
  2455253.18371686   9.8121939664268853E-01
  2455253.18421711   9.8121479109756649E-01
  2455253.18471736   9.8121022235430788E-01
  2455253.18521761   9.8120569036650318E-01
  2455253.18571786   9.8120119508819303E-01
  2455253.18621811   9.8119673647386352E-01
  2455253.18671836   9.8119231447844613E-01
  2455253.18721861   9.8118792905731433E-01
  2455253.18771886   9.8118358016628160E-01
  2455253.18821911   9.8117926776159803E-01
  2455253.18871936   9.8117499179994960E-01
  2455253.18921961   9.8117075223845540E-01
  2455253.18971986   9.8116654903466405E-01
  2455253.19022011   9.8116238214655371E-01
  2455253.19072036   9.8115825153252878E-01
  2455253.19122061   9.8115415715141729E-01
  2455253.19172086   9.8115009896247019E-01
  2455253.19222111   9.8114607692535682E-01
  2455253.19272136   9.8114209100016581E-01
  2455253.19322161   9.8113814114740139E-01
  2455253.19372186   9.8113422732798128E-01
  2455253.19422211   9.8113034950323519E-01
  2455253.19472236   9.8112650763490317E-01
  2455253.19522261   9.8112270168865789E-01
  2455253.19572286   9.8111893161996822E-01
  2455253.19622311   9.8111519739535080E-01
  2455253.19672336   9.8111149897816641E-01
  2455253.19722361   9.8110783633217480E-01
  2455253.19772386   9.8110420942153531E-01
  2455253.19822411   9.8110061821080408E-01
  2455253.19872436   9.8109706266493169E-01
  2455253.19922461   9.8109354274926275E-01
  2455253.19972486   9.8109005842953290E-01
  2455253.20022511   9.8108660967186845E-01
  2455253.20072536   9.8108319644278297E-01
  2455253.20122561   9.8107981870917760E-01
  2455253.20172586   9.8107647643833729E-01
  2455253.20222611   9.8107316959793134E-01
  2455253.20272636   9.8106989815601020E-01
  2455253.20322661   9.8106666208100524E-01
  2455253.20372686   9.8106346134172551E-01
  2455253.20422711   9.8106029590735699E-01
  2455253.20472736   9.8105716574746282E-01
  2455253.20522761   9.8105407083197915E-01
  2455253.20572786   9.8105101113121473E-01
  2455253.20622811   9.8104798661584980E-01
  2455253.20672836   9.8104499725693506E-01
  2455253.20722861   9.8104204302588782E-01
  2455253.20772886   9.8103912389449444E-01
  2455253.20822911   9.8103623983490562E-01
  2455253.20872936   9.8103339081963714E-01
  2455253.20922961   9.8103057682417061E-01
  2455253.20972986   9.8102779781650740E-01
  2455253.21023011   9.8102505377288418E-01
  2455253.21073037   9.8102234466726002E-01
  2455253.21123062   9.8101967047395355E-01
  2455253.21173087   9.8101703116763872E-01
  2455253.21223112   9.8101442672334582E-01
  2455253.21273137   9.8101185711645911E-01
  2455253.21323162   9.8100932232271609E-01
  2455253.21373187   9.8100682231820591E-01
  2455253.21423212   9.8100435707936917E-01
  2455253.21473237   9.8100192658299612E-01
  2455253.21523262   9.8099953080622504E-01
  2455253.21573287   9.8099716972654272E-01
  2455253.21623312   9.8099484332178166E-01
  2455253.21673337   9.8099255157012000E-01
  2455253.21723362   9.8099029445008101E-01
  2455253.21773387   9.8098807194053061E-01
  2455253.21823412   9.8098588402067766E-01
  2455253.21873437   9.8098373067007227E-01
  2455253.21923462   9.8098161186860500E-01
  2455253.21973487   9.8097952759650608E-01
  2455253.22023512   9.8097747783434464E-01
  2455253.22073537   9.8097546256302703E-01
  2455253.22123562   9.8097348176379728E-01
  2455253.22173587   9.8097153541823467E-01
  2455253.22223612   9.8096962350825379E-01
  2455253.22273637   9.8096774601783565E-01
  2455253.22323662   9.8096590292606678E-01
  2455253.22373687   9.8096409421762665E-01
  2455253.22423712   9.8096231987576177E-01
  2455253.22473737   9.8096057988405028E-01
  2455253.22523762   9.8095887422640116E-01
  2455253.22573787   9.8095720288705157E-01
  2455253.22623812   9.8095556585056920E-01
  2455253.22673837   9.8095396310184857E-01
  2455253.22723862   9.8095239462611228E-01
  2455253.22773887   9.8095086040890966E-01
  2455253.22823912   9.8094936043611614E-01
  2455253.22873937   9.8094789469393251E-01
  2455253.22923962   9.8094646316888434E-01
  2455253.22973987   9.8094506584782137E-01
  2455253.23024012   9.8094370271791698E-01
  2455253.23074037   9.8094237376666782E-01
  2455253.23124062   9.8094107898189253E-01
  2455253.23174087   9.8093981835173183E-01
  2455253.23224112   9.8093859186464794E-01
  2455253.23274137   9.8093739950942349E-01
  2455253.23324162   9.8093624127516155E-01
  2455253.23374187   9.8093511715128523E-01
  2455253.23424212   9.8093402712753586E-01
  2455253.23474237   9.8093297119397516E-01
  2455253.23524262   9.8093194934098193E-01
  2455253.23574287   9.8093096155925374E-01
  2455253.23624312   9.8093000783980477E-01
  2455253.23674337   9.8092908817480751E-01
  2455253.23724362   9.8092820255419766E-01
  2455253.23774387   9.8092735097081207E-01
  2455253.23824412   9.8092653341693137E-01
  2455253.23874437   9.8092574988515147E-01
  2455253.23924462   9.8092500036838381E-01
  2455253.23974487   9.8092428485985428E-01
  2455253.24024512   9.8092360335310447E-01
  2455253.24074537   9.8092295584198852E-01
  2455253.24124562   9.8092234232067588E-01
  2455253.24174587   9.8092176278364929E-01
  2455253.24224612   9.8092121722570469E-01
  2455253.24274637   9.8092070564195200E-01
  2455253.24324662   9.8092022802781331E-01
  2455253.24374687   9.8091978437902339E-01
  2455253.24424712   9.8091937469163104E-01
  2455253.24474737   9.8091899896199586E-01
  2455253.24524762   9.8091865718678961E-01
  2455253.24574787   9.8091834936299727E-01
  2455253.24624812   9.8091807548791543E-01
  2455253.24674837   9.8091783555915157E-01
  2455253.24724862   9.8091762957462603E-01
  2455253.24774887   9.8091745753257020E-01
  2455253.24824912   9.8091731943152638E-01
  2455253.24874937   9.8091721527034947E-01
  2455253.24924963   9.8091714504820426E-01
  2455253.24974988   9.8091710876456872E-01
  2455253.25025012   9.8091710641921714E-01
  2455253.25075037   9.8091713801224423E-01
  2455253.25125063   9.8091720354407907E-01
  2455253.25175088   9.8091730301544378E-01
  2455253.25225113   9.8091743642737106E-01
  2455253.25275138   9.8091760378120640E-01
  2455253.25325163   9.8091780507860549E-01
  2455253.25375188   9.8091804032153596E-01
  2455253.25425213   9.8091830951227676E-01
  2455253.25475238   9.8091861265341884E-01
  2455253.25525263   9.8091894974786453E-01
  2455253.25575288   9.8091932079882838E-01
  2455253.25625313   9.8091972580983655E-01
  2455253.25675338   9.8092016478472777E-01
  2455253.25725363   9.8092063772765292E-01
  2455253.25775388   9.8092114464307567E-01
  2455253.25825413   9.8092168553577175E-01
  2455253.25875438   9.8092226041083086E-01
  2455253.25925463   9.8092286927365457E-01
  2455253.25975488   9.8092351212995932E-01
  2455253.26025513   9.8092418898577349E-01
  2455253.26075538   9.8092489984744102E-01
  2455253.26125563   9.8092564472161903E-01
  2455253.26175588   9.8092642361527960E-01
  2455253.26225613   9.8092723653570890E-01
  2455253.26275638   9.8092808349050953E-01
  2455253.26325663   9.8092896448759836E-01
  2455253.26375688   9.8092987953434085E-01
  2455253.26425713   9.8093082864098990E-01
  2455253.26475738   9.8093181181557554E-01
  2455253.26525763   9.8093282906728030E-01
  2455253.26575788   9.8093388040560503E-01
  2455253.26625813   9.8093496584036677E-01
  2455253.26675838   9.8093608538170218E-01
  2455253.26725863   9.8093723904006636E-01
  2455253.26775888   9.8093842682623333E-01
  2455253.26825913   9.8093964875129691E-01
  2455253.26875938   9.8094090482667018E-01
  2455253.26925963   9.8094219506408908E-01
  2455253.26975988   9.8094351947560754E-01
  2455253.27026013   9.8094487807360442E-01
  2455253.27076038   9.8094627087077879E-01
  2455253.27126063   9.8094769788015324E-01
  2455253.27176088   9.8094915911507385E-01
  2455253.27226113   9.8095065458921060E-01
  2455253.27276138   9.8095218431655851E-01
  2455253.27326163   9.8095374831143700E-01
  2455253.27376188   9.8095534658849237E-01
  2455253.27426213   9.8095697916269720E-01
  2455253.27476238   9.8095864604935123E-01
  2455253.27526263   9.8096034726408210E-01
  2455253.27576288   9.8096208282284658E-01
  2455253.27626313   9.8096385274193021E-01
  2455253.27676338   9.8096565703794969E-01
  2455253.27726363   9.8096749572785169E-01
  2455253.27776388   9.8096936882715491E-01
  2455253.27826413   9.8097127635695824E-01
  2455253.27876438   9.8097321833347828E-01
  2455253.27926463   9.8097519477499340E-01
  2455253.27976488   9.8097720570011726E-01
  2455253.28026513   9.8097925112779927E-01
  2455253.28076538   9.8098133107732499E-01
  2455253.28126563   9.8098344556831818E-01
  2455253.28176588   9.8098559462074042E-01
  2455253.28226613   9.8098777825489336E-01
  2455253.28276638   9.8098999649141849E-01
  2455253.28326663   9.8099224935129858E-01
  2455253.28376688   9.8099453685585869E-01
  2455253.28426713   9.8099685902676703E-01
  2455253.28476738   9.8099921588603611E-01
  2455253.28526763   9.8100160745602416E-01
  2455253.28576788   9.8100403375943501E-01
  2455253.28626813   9.8100649481931967E-01
  2455253.28676838   9.8100899065907832E-01
  2455253.28726863   9.8101152130246005E-01
  2455253.28776888   9.8101408677356483E-01
  2455253.28826913   9.8101668709684453E-01
  2455253.28876938   9.8101932229710365E-01
  2455253.28926963   9.8102199239950061E-01
  2455253.28976989   9.8102469742954956E-01
  2455253.29027014   9.8102743741312015E-01
  2455253.29077039   9.8103021237644106E-01
  2455253.29127064   9.8103302234346701E-01
  2455253.29177089   9.8103586734637660E-01
  2455253.29227114   9.8103874740987851E-01
  2455253.29277139   9.8104166256164405E-01
  2455253.29327164   9.8104461282970856E-01
  2455253.29377189   9.8104759824247245E-01
  2455253.29427214   9.8105061882870359E-01
  2455253.29477239   9.8105367461753723E-01
  2455253.29527264   9.8105676563847855E-01
  2455253.29577289   9.8105989192140330E-01
  2455253.29627314   9.8106305349656009E-01
  2455253.29677339   9.8106625039457063E-01
  2455253.29727364   9.8106948264643323E-01
  2455253.29777389   9.8107275028352159E-01
  2455253.29827414   9.8107605333758874E-01
  2455253.29877439   9.8107939184076676E-01
  2455253.29927464   9.8108276582556952E-01
  2455253.29977489   9.8108617532489450E-01
  2455253.30027514   9.8108962037202274E-01
  2455253.30077539   9.8109310100062253E-01
  2455253.30127564   9.8109661724474939E-01
  2455253.30177589   9.8110016913884845E-01
  2455253.30227614   9.8110375671775629E-01
  2455253.30277639   9.8110738001670306E-01
  2455253.30327664   9.8111103907131247E-01
  2455253.30377689   9.8111473391760551E-01
  2455253.30427714   9.8111846459200136E-01
  2455253.30477739   9.8112223113131880E-01
  2455253.30527764   9.8112603356922357E-01
  2455253.30577789   9.8112987195041856E-01
  2455253.30627814   9.8113374630941252E-01
  2455253.30677839   9.8113765668464326E-01
  2455253.30727864   9.8114160311495857E-01
  2455253.30777889   9.8114558563961807E-01
  2455253.30827914   9.8114960429829379E-01
  2455253.30877939   9.8115365913107400E-01
  2455253.30927964   9.8115775017846507E-01
  2455253.30977989   9.8116187748139194E-01
  2455253.31028014   9.8116604108120142E-01
  2455253.31078039   9.8117024101966499E-01
  2455253.31128064   9.8117447733897833E-01
  2455253.31178089   9.8117875008176725E-01
  2455253.31228114   9.8118305929108640E-01
  2455253.31278139   9.8118740501042390E-01
  2455253.31328164   9.8119178728370160E-01
  2455253.31378189   9.8119620615527958E-01
  2455253.31428214   9.8120066166995612E-01
  2455253.31478239   9.8120515387297258E-01
  2455253.31528264   9.8120968281001342E-01
  2455253.31578289   9.8121424852721006E-01
  2455253.31628314   9.8121885107114215E-01
  2455253.31678339   9.8122349048884139E-01
  2455253.31728364   9.8122816682779368E-01
  2455253.31778389   9.8123288013594023E-01
  2455253.31828414   9.8123763046168189E-01
  2455253.31878439   9.8124241784940713E-01
  2455253.31928464   9.8124724235735550E-01
  2455253.31978489   9.8125210403088092E-01
  2455253.32028514   9.8125700292024587E-01
  2455253.32078539   9.8126193907618464E-01
  2455253.32128564   9.8126691254990794E-01
  2455253.32178589   9.8127192339310310E-01
  2455253.32228614   9.8127697165793748E-01
  2455253.32278639   9.8128205739706320E-01
  2455253.32328664   9.8128718066361753E-01
  2455253.32378689   9.8129234151122657E-01
  2455253.32428714   9.8129753999401059E-01
  2455253.32478739   9.8130277616658290E-01
  2455253.32528764   9.8130805008405586E-01
  2455253.32578789   9.8131336139066838E-01
  2455253.32628814   9.8131871097730328E-01
  2455253.32678839   9.8132409847684243E-01
  2455253.32728864   9.8132952394643103E-01
  2455253.32778889   9.8133498744372849E-01
  2455253.32828914   9.8134048902691084E-01
  2455253.32878939   9.8134602875467458E-01
  2455253.32928964   9.8135160668623922E-01
  2455253.32978990   9.8135722288135274E-01
  2455253.33029015   9.8136287740029149E-01
  2455253.33079040   9.8136857030386682E-01
  2455253.33129065   9.8137430165342665E-01
  2455253.33179090   9.8138007151086004E-01
  2455253.33229115   9.8138587993317672E-01
  2455253.33279140   9.8139172699417099E-01
  2455253.33329165   9.8139761275198867E-01
  2455253.33379190   9.8140353727071783E-01
  2455253.33429215   9.8140950061500742E-01
  2455253.33479240   9.8141550285006807E-01
  2455253.33529265   9.8142154404167870E-01
  2455253.33579290   9.8142762425618801E-01
  2455253.33629315   9.8143374356052049E-01
  2455253.33679340   9.8143990202217934E-01
  2455253.33729365   9.8144609970924956E-01
  2455253.33779390   9.8145233669040444E-01
  2455253.33829415   9.8145861303490722E-01
  2455253.33879440   9.8146492881261826E-01
  2455253.33929465   9.8147128409399575E-01
  2455253.33979490   9.8147767895010318E-01
  2455253.34029515   9.8148411345261111E-01
  2455253.34079540   9.8149058767380382E-01
  2455253.34129565   9.8149710168658189E-01
  2455253.34179590   9.8150365556446917E-01
  2455253.34229615   9.8151024938161446E-01
  2455253.34279640   9.8151688321279795E-01
  2455253.34329665   9.8152355713343520E-01
  2455253.34379690   9.8153027121958225E-01
  2455253.34429715   9.8153702554794153E-01
  2455253.34479740   9.8154382019586417E-01
  2455253.34529765   9.8155065524135687E-01
  2455253.34579790   9.8155753076308638E-01
  2455253.34629815   9.8156444683392752E-01
  2455253.34679840   9.8157140354675887E-01
  2455253.34729865   9.8157840097583804E-01
  2455253.34779890   9.8158543920252361E-01
  2455253.34829915   9.8159251830886052E-01
  2455253.34879940   9.8159963837758424E-01
  2455253.34929965   9.8160679949212648E-01
  2455253.34979990   9.8161400173662294E-01
  2455253.35030015   9.8162124519591576E-01
  2455253.35080040   9.8162852995556271E-01
  2455253.35130065   9.8163585610183901E-01
  2455253.35180090   9.8164322372174573E-01
  2455253.35230115   9.8165063290301502E-01
  2455253.35280140   9.8165808373411656E-01
  2455253.35330165   9.8166557630426154E-01
  2455253.35380190   9.8167311070341290E-01
  2455253.35430215   9.8168068702228684E-01
  2455253.35480240   9.8168830535236162E-01
  2455253.35530265   9.8169596578588414E-01
  2455253.35580290   9.8170366841587431E-01
  2455253.35630315   9.8171141333613554E-01
  2455253.35680340   9.8171920064125651E-01
  2455253.35730365   9.8172703042662091E-01
  2455253.35780390   9.8173490278841280E-01
  2455253.35830415   9.8174281782362538E-01
  2455253.35880440   9.8175077563006508E-01
  2455253.35930465   9.8175877630636210E-01
  2455253.35980490   9.8176681994446624E-01
  2455253.36030515   9.8177490665964728E-01
  2455253.36080540   9.8178303654557530E-01
  2455253.36130565   9.8179120970423917E-01
  2455253.36180590   9.8179942623848582E-01
  2455253.36230615   9.8180768625202930E-01
  2455253.36280640   9.8181598984945517E-01
  2455253.36330665   9.8182433713623407E-01
  2455253.36380690   9.8183272821872369E-01
  2455253.36430715   9.8184116320417958E-01
  2455253.36480740   9.8184964220076321E-01
  2455253.36530765   9.8185816531754999E-01
  2455253.36580790   9.8186673266453850E-01
  2455253.36630815   9.8187534435265722E-01
  2455253.36680840   9.8188400049377367E-01
  2455253.36730865   9.8189202554558963E-01
  2455253.36780890   9.8188827238263077E-01
  2455253.36830915   9.8187588174658491E-01
  2455253.36880940   9.8185703231744592E-01
  2455253.36930965   9.8183268991244377E-01
  2455253.36980991   9.8180346816917241E-01
  2455253.37031016   9.8176981854081158E-01
  2455253.37081041   9.8173210312163894E-01
  2455253.37131066   9.8169062983064637E-01
  2455253.37181091   9.8164567196521935E-01
  2455253.37231116   9.8159748019132431E-01
  2455253.37281141   9.8154629047967168E-01
  2455253.37331166   9.8149232976040779E-01
  2455253.37381191   9.8143581991457041E-01
  2455253.37431216   9.8137698139816532E-01
  2455253.37481241   9.8131603582583382E-01
  2455253.37531266   9.8125320848336650E-01
  2455253.37581291   9.8118873063248269E-01
  2455253.37631316   9.8112284178426024E-01
  2455253.37681341   9.8105579205506110E-01
  2455253.37731366   9.8098784471980383E-01
  2455253.37781391   9.8091927909236187E-01
  2455253.37831416   9.8085039389411199E-01
  2455253.37881441   9.8078151132548508E-01
  2455253.37931466   9.8071298214418490E-01
  2455253.37981491   9.8064519220074431E-01
  2455253.38031516   9.8057857113214530E-01
  2455253.38081541   9.8051360435804369E-01
  2455253.38131566   9.8045085035713875E-01
  2455253.38181591   9.8039096688125094E-01
  2455253.38231616   9.8033475348400223E-01
  2455253.38281641   9.8028322707350179E-01
  2455253.38331666   9.8023777521889610E-01
  2455253.38381691   9.8020054429739290E-01
  2455253.38431716   9.8017607838893805E-01
  2455253.38481741   9.8015704633080025E-01
  2455253.38531766   9.8013848418921545E-01
  2455253.38581791   9.8012191112987046E-01
  2455253.38631816   9.8010680073886913E-01
  2455253.38681841   9.8009287072714291E-01
  2455253.38731866   9.8007993912186553E-01
  2455253.38781891   9.8006787690577823E-01
  2455253.38831916   9.8005658709748122E-01
  2455253.38881941   9.8004599374272938E-01
  2455253.38931966   9.8003603556823005E-01
  2455253.38981991   9.8002666200617505E-01
  2455253.39032016   9.8001783056557246E-01
  2455253.39082041   9.8000950501655659E-01
  2455253.39132066   9.8000165409151008E-01
  2455253.39182091   9.7999425052876898E-01
  2455253.39232116   9.7998727035140254E-01
  2455253.39282141   9.7998069231205187E-01
  2455253.39332166   9.7997449745801191E-01
  2455253.39382191   9.7996866878527611E-01
  2455253.39432216   9.7996319095962214E-01
  2455253.39482241   9.7995805008907289E-01
  2455253.39532266   9.7995323353629415E-01
  2455253.39582291   9.7994872976244352E-01
  2455253.39632316   9.7994452819608846E-01
  2455253.39682341   9.7994061912231034E-01
  2455253.39732366   9.7993699358821806E-01
  2455253.39782391   9.7993364332192601E-01
  2455253.39832416   9.7993056066266648E-01
  2455253.39882441   9.7992773850016746E-01
  2455253.39932466   9.7992517022181180E-01
  2455253.39982491   9.7992284966635568E-01
  2455253.40032516   9.7992077108321873E-01
  2455253.40082541   9.7991892909813638E-01
  2455253.40132566   9.7991731867463916E-01
  2455253.40182591   9.7991593509597930E-01
  2455253.40232616   9.7991477393273207E-01
  2455253.40282641   9.7991383102195129E-01
  2455253.40332666   9.7991310244680419E-01
  2455253.40382691   9.7991258451823260E-01
  2455253.40432716   9.7991227375839007E-01
  2455253.40482741   9.7991216688565230E-01
  2455253.40532766   9.7991226080100791E-01
  2455253.40582791   9.7991255257568943E-01
  2455253.40632816   9.7991303943989660E-01
  2455253.40682841   9.7991371877249778E-01
  2455253.40732866   9.7991458809160714E-01
  2455253.40782891   9.7991564504595119E-01
  2455253.40832916   9.7991688740693206E-01
  2455253.40882941   9.7991831306133514E-01
  2455253.40932966   9.7991992000460759E-01
  2455253.40982992   9.7992170633465592E-01
  2455253.41033017   9.7992367024611760E-01
  2455253.41083042   9.7992581002505508E-01
  2455253.41133067   9.7992812404404406E-01
  2455253.41183092   9.7993061075761645E-01
  2455253.41233117   9.7993326869802344E-01
  2455253.41283142   9.7993609647129898E-01
  2455253.41333167   9.7993909275359525E-01
  2455253.41383192   9.7994225628776199E-01
  2455253.41433217   9.7994558588016034E-01
  2455253.41483242   9.7994908039435513E-01
  2455253.41533267   9.7995273876149847E-01
  2455253.41583292   9.7995655995820363E-01
  2455253.41633317   9.7996054301696622E-01
  2455253.41683342   9.7996468702070549E-01
  2455253.41733367   9.7996899110061408E-01
  2455253.41783392   9.7997345443414885E-01
  2455253.41833417   9.7997807624314004E-01
  2455253.41883442   9.7998285579201327E-01
  2455253.41933467   9.7998779238611611E-01
  2455253.41983492   9.7999288537015028E-01
  2455253.42033517   9.7999813412668191E-01
  2455253.42083542   9.8000353807475071E-01
  2455253.42133567   9.8000909666855118E-01
  2455253.42183592   9.8001480939619157E-01
  2455253.42233617   9.8002067577852514E-01
  2455253.42283642   9.8002669536803810E-01
  2455253.42333667   9.8003286774781051E-01
  2455253.42383692   9.8003919253052763E-01
  2455253.42433717   9.8004566935754756E-01
  2455253.42483742   9.8005229789801973E-01
  2455253.42533767   9.8005907784805535E-01
  2455253.42583792   9.8006600892993434E-01
  2455253.42633817   9.8007309089136418E-01
  2455253.42683842   9.8008032350477481E-01
  2455253.42733867   9.8008770656665034E-01
  2455253.42783892   9.8009523989690461E-01
  2455253.42833917   9.8010292333105586E-01
  2455253.42883942   9.8011075674841774E-01
  2455253.42933967   9.8011874002864974E-01
  2455253.42983992   9.8012687307972524E-01
  2455253.43034017   9.8013515583037192E-01
  2455253.43084042   9.8014358822962377E-01
  2455253.43134067   9.8015217024639534E-01
  2455253.43184092   9.8016090186908644E-01
  2455253.43234117   9.8016978310519665E-01
  2455253.43284142   9.8017881398097773E-01
  2455253.43334167   9.8018799454109462E-01
  2455253.43384192   9.8019732484831212E-01
  2455253.43434217   9.8020680498320356E-01
  2455253.43484242   9.8021643504386646E-01
  2455253.43534267   9.8022621514566832E-01
  2455253.43584292   9.8023614542100435E-01
  2455253.43634317   9.8024622601906941E-01
  2455253.43684342   9.8025645710564902E-01
  2455253.43734367   9.8026683886292665E-01
  2455253.43784392   9.8027737148929861E-01
  2455253.43834417   9.8028805519921158E-01
  2455253.43884442   9.8029889022300931E-01
  2455253.43934467   9.8030987680679249E-01
  2455253.43984492   9.8032101521229731E-01
  2455253.44034517   9.8033230571677554E-01
  2455253.44084542   9.8034374861289708E-01
  2455253.44134567   9.8035534420866133E-01
  2455253.44184592   9.8036709281630929E-01
  2455253.44234617   9.8037899479614921E-01
  2455253.44284642   9.8039105049088082E-01
  2455253.44334667   9.8040326026915370E-01
  2455253.44384692   9.8041562451467545E-01
  2455253.44434717   9.8042814362618103E-01
  2455253.44484742   9.8044081801742533E-01
  2455253.44534767   9.8045364811718216E-01
  2455253.44584792   9.8046663436925052E-01
  2455253.44634817   9.8047977723247859E-01
  2455253.44684842   9.8049307718078671E-01
  2455253.44734867   9.8050653470320981E-01
  2455253.44784892   9.8052015030394701E-01
  2455253.44834917   9.8053392450241950E-01
  2455253.44884942   9.8054785783333931E-01
  2455253.44934967   9.8056195084679310E-01
  2455253.44984993   9.8057620410832402E-01
  2455253.45035018   9.8059061819903581E-01
  2455253.45085043   9.8060519371570143E-01
  2455253.45135068   9.8061993127088043E-01
  2455253.45185093   9.8063483149305541E-01
  2455253.45235118   9.8064989502676247E-01
  2455253.45285143   9.8066512253274940E-01
  2455253.45335168   9.8068051468813500E-01
  2455253.45385193   9.8069607218658106E-01
  2455253.45435218   9.8071179573847489E-01
  2455253.45485243   9.8072768607112937E-01
  2455253.45535268   9.8074374392898056E-01
  2455253.45585293   9.8075997005862781E-01
  2455253.45635318   9.8077636526963763E-01
  2455253.45685343   9.8079293034415826E-01
  2455253.45735368   9.8080966609743558E-01
  2455253.45785393   9.8082657336305379E-01
  2455253.45835418   9.8084365299321541E-01
  2455253.45885443   9.8086090585904018E-01
  2455253.45935468   9.8087833285086490E-01
  2455253.45985493   9.8089593487857230E-01
  2455253.46035518   9.8091371287192630E-01
  2455253.46085543   9.8093166778092333E-01
  2455253.46135568   9.8094980057616810E-01
  2455253.46185593   9.8096811224924796E-01
  2455253.46235618   9.8098660381314307E-01
  2455253.46285643   9.8100527630264256E-01
  2455253.46335668   9.8102413077478579E-01
  2455253.46385693   9.8104316830931471E-01
  2455253.46435718   9.8106239000915940E-01
  2455253.46485743   9.8108179700092601E-01
  2455253.46535768   9.8110139043542199E-01
  2455253.46585793   9.8112117148819633E-01
  2455253.46635818   9.8114114136010278E-01
  2455253.46685843   9.8116130127789580E-01
  2455253.46735868   9.8118165249483547E-01
  2455253.46785893   9.8120219629133709E-01
  2455253.46835918   9.8122293397563676E-01
  2455253.46885943   9.8124386688449239E-01
  2455253.46935968   9.8126499636415054E-01
  2455253.46985993   9.8128632384996861E-01
  2455253.47036018   9.8130785074919569E-01
  2455253.47086043   9.8132957852030178E-01
  2455253.47136068   9.8135150865425957E-01
  2455253.47186093   9.8137364267545923E-01
  2455253.47236118   9.8139598214265567E-01
  2455253.47286143   9.8141852864996093E-01
  2455253.47336168   9.8144128382788975E-01
  2455253.47386193   9.8146424934443877E-01
  2455253.47436218   9.8148742690623192E-01
  2455253.47486243   9.8151081825971553E-01
  2455253.47536268   9.8153442519240852E-01
  2455253.47586293   9.8155824953421722E-01
  2455253.47636318   9.8158229315881973E-01
  2455253.47686343   9.8160655798510510E-01
  2455253.47736368   9.8163104597870221E-01
  2455253.47786393   9.8165575915357850E-01
  2455253.47836418   9.8168069957372206E-01
  2455253.47886443   9.8170586935492310E-01
  2455253.47936468   9.8173127066663113E-01
  2455253.47986493   9.8175690573393126E-01
  2455253.48036518   9.8178277683962423E-01
  2455253.48086543   9.8180888632641972E-01
  2455253.48136568   9.8183523659925753E-01
  2455253.48186593   9.8186183012777073E-01
  2455253.48236618   9.8188866944887365E-01
  2455253.48286643   9.8191575716952795E-01
  2455253.48336668   9.8194309594409712E-01
  2455253.48386693   9.8197068857948477E-01
  2455253.48436718   9.8199853788574465E-01
  2455253.48486743   9.8202664678115692E-01
  2455253.48536768   9.8205501827065100E-01
  2455253.48586793   9.8208365544979404E-01
  2455253.48636818   9.8211256150907011E-01
  2455253.48686843   9.8214173973845231E-01
  2455253.48736868   9.8217119353230031E-01
  2455253.48786893   9.8220092639461476E-01
  2455253.48836918   9.8223094194469773E-01
  2455253.48886943   9.8226124392321812E-01
  2455253.48936968   9.8229183619878357E-01
  2455253.48986993   9.8232272277501786E-01
  2455253.49037019   9.8235390779823384E-01
  2455253.49087044   9.8238539556575488E-01
  2455253.49137069   9.8241719053494536E-01
  2455253.49187094   9.8244929733306596E-01
  2455253.49237119   9.8248172076802243E-01
  2455253.49287144   9.8251446584013880E-01
  2455253.49337169   9.8254753775507242E-01
  2455253.49387194   9.8258094193804324E-01
  2455253.49437219   9.8261468404952002E-01
  2455253.49487244   9.8264877000261786E-01
  2455253.49537269   9.8268320598242220E-01
  2455253.49587294   9.8271799846754804E-01
  2455253.49637319   9.8275315425429655E-01
  2455253.49687344   9.8278868045056067E-01
  2455253.49737369   9.8282458463914468E-01
  2455253.49787394   9.8286087471423556E-01
  2455253.49837419   9.8289755905312148E-01
  2455253.49887444   9.8293464652904528E-01
  2455253.49937469   9.8297214656409349E-01
  2455253.49987494   9.8301006919079448E-01
  2455253.50037519   9.8304842512445578E-01
  2455253.50087544   9.8308722584881458E-01
  2455253.50137569   9.8312648371853062E-01
  2455253.50187594   9.8316621208316712E-01
  2455253.50237619   9.8320642543908066E-01
  2455253.50287644   9.8324713961825061E-01
  2455253.50337669   9.8328837202699915E-01
  2455253.50387694   9.8333014195375656E-01
  2455253.50437719   9.8337247097529978E-01
  2455253.50487744   9.8341538350826840E-01
  2455253.50537769   9.8345890758450139E-01
  2455253.50587794   9.8350307599023656E-01
  2455253.50637819   9.8354792803965208E-01
  2455253.50687844   9.8359351256513561E-01
  2455253.50737869   9.8363989358989845E-01
  2455253.50787894   9.8368716349993346E-01
  2455253.50837919   9.8373549233846191E-01
  2455253.50887944   9.8379049117834960E-01
  2455253.50937969   9.8385182328428611E-01
  2455253.50987994   9.8391723351390237E-01
  2455253.51038019   9.8398595238868869E-01
  2455253.51088044   9.8405752407573588E-01
  2455253.51138069   9.8413163230054435E-01
  2455253.51188094   9.8420803859068962E-01
  2455253.51238119   9.8428655333585202E-01
  2455253.51288144   9.8436702016532029E-01
  2455253.51338169   9.8444930661917684E-01
  2455253.51388194   9.8453329816981749E-01
  2455253.51438219   9.8461889418081516E-01
  2455253.51488244   9.8470600505884975E-01
  2455253.51538269   9.8479455017784900E-01
  2455253.51588294   9.8488445632339239E-01
  2455253.51638319   9.8497565649969754E-01
  2455253.51688344   9.8506808899637421E-01
  2455253.51738369   9.8516169664588304E-01
  2455253.51788394   9.8525642622396614E-01
  2455253.51838419   9.8535222795911981E-01
  2455253.51888444   9.8544905512676162E-01
  2455253.51938469   9.8554686370994982E-01
  2455253.51988494   9.8564561211317636E-01
  2455253.52038519   9.8574526091893444E-01
  2455253.52088544   9.8584577267917650E-01
  2455253.52138569   9.8594711173536242E-01
  2455253.52188594   9.8604924406236871E-01
  2455253.52238619   9.8615213713225414E-01
  2455253.52288644   9.8625575979479152E-01
  2455253.52338669   9.8636008217226545E-01
  2455253.52388694   9.8646507556634921E-01
  2455253.52438719   9.8657071227687743E-01
  2455253.52488744   9.8667696592218146E-01
  2455253.52538769   9.8678381078329291E-01
  2455253.52588794   9.8689122213783154E-01
  2455253.52638819   9.8699917610911481E-01
  2455253.52688844   9.8710764961862363E-01
  2455253.52738869   9.8721662034323987E-01
  2455253.52788894   9.8732606667662504E-01
  2455253.52838919   9.8743596769445918E-01
  2455253.52888944   9.8754630312305880E-01
  2455253.52938969   9.8765705331108089E-01
  2455253.52988994   9.8776819920408954E-01
  2455253.53039020   9.8787972232162702E-01
  2455253.53089045   9.8799160473674741E-01
  2455253.53139070   9.8810382905772343E-01
  2455253.53189095   9.8821637841183130E-01
  2455253.53239120   9.8832923643107462E-01
  2455253.53289145   9.8844238723979572E-01
  2455253.53339170   9.8855581544397919E-01
  2455253.53389195   9.8866950612234017E-01
  2455253.53439220   9.8878344481903413E-01
  2455253.53489245   9.8889761753800054E-01
  2455253.53539270   9.8901201073897127E-01
  2455253.53589295   9.8912661133502011E-01
  2455253.53639320   9.8924140669183991E-01
  2455253.53689345   9.8935638462866260E-01
  2455253.53739370   9.8947153341693417E-01
  2455253.53789395   9.8958684169365230E-01
  2455253.53839420   9.8970229887231631E-01
  2455253.53889445   9.8981789452426228E-01
  2455253.53939470   9.8993361881412734E-01
  2455253.53989495   9.9004946240542846E-01
  2455253.54039520   9.9016541647602785E-01
  2455253.54089545   9.9028147273633482E-01
  2455253.54139570   9.9039762345058124E-01
  2455253.54189595   9.9051386146148879E-01
  2455253.54239620   9.9063018021877203E-01
  2455253.54289645   9.9074657381182973E-01
  2455253.54339670   9.9086303700733103E-01
  2455253.54389695   9.9097956529223852E-01
  2455253.54439720   9.9109615492308434E-01
  2455253.54489745   9.9121280298246961E-01
  2455253.54539770   9.9132950744378390E-01
  2455253.54589795   9.9144626724563978E-01
  2455253.54639820   9.9156308237753055E-01
  2455253.54689845   9.9167995397872866E-01
  2455253.54739870   9.9179688445282410E-01
  2455253.54789895   9.9191387760093552E-01
  2455253.54839920   9.9203093877716642E-01
  2455253.54889945   9.9214807507110325E-01
  2455253.54939970   9.9226529552309051E-01
  2455253.54989995   9.9238261137978201E-01
  2455253.55040020   9.9250003639964401E-01
  2455253.55090045   9.9261758722084603E-01
  2455253.55140070   9.9273528369865838E-01
  2455253.55190095   9.9285314989214091E-01
  2455253.55240120   9.9297121408675859E-01
  2455253.55290145   9.9308951008609947E-01
  2455253.55340170   9.9320807818920842E-01
  2455253.55390195   9.9332696659682063E-01
  2455253.55440220   9.9344623326532666E-01
  2455253.55490245   9.9356594840521495E-01
  2455253.55540270   9.9368619793748025E-01
  2455253.55590295   9.9380708842889598E-01
  2455253.55640320   9.9392875441991857E-01
  2455253.55690345   9.9405136985812026E-01
  2455253.55740370   9.9417516713611576E-01
  2455253.55790395   9.9430047176111391E-01
  2455253.55840420   9.9442777442779029E-01
  2455253.55890445   9.9455791807460825E-01
  2455253.55940470   9.9469291225919054E-01
  2455253.55990495   9.9483403101414603E-01
  2455253.56040520   9.9500618564248267E-01
  2455253.56090545   9.9519724293423051E-01
  2455253.56140570   9.9540051969618071E-01
  2455253.56190595   9.9561189962005092E-01
  2455253.56240620   9.9582836248219497E-01
  2455253.56290645   9.9604748126926634E-01
  2455253.56340670   9.9626718947120307E-01
  2455253.56390695   9.9648565271001643E-01
  2455253.56440720   9.9670118793939155E-01
  2455253.56490745   9.9691220596370356E-01
  2455253.56540770   9.9711716450071564E-01
  2455253.56590795   9.9731452450045532E-01
  2455253.56640820   9.9750269871685959E-01
  2455253.56690845   9.9767998446031603E-01
  2455253.56740870   9.9784445367646735E-01
  2455253.56790895   9.9799373898744470E-01
  2455253.56840920   9.9812449353845467E-01
  2455253.56890945   9.9823000051747968E-01
  2455253.56940970   9.9830131641582998E-01
  2455253.56990995   9.9836974534158907E-01
  2455253.57041021   9.9843718631170553E-01
  2455253.57091046   9.9850362237621504E-01
  2455253.57141071   9.9856903622956450E-01
  2455253.57191096   9.9863341018161433E-01
  2455253.57241121   9.9869672612573956E-01
  2455253.57291146   9.9875896550373833E-01
  2455253.57341171   9.9882010926701992E-01
  2455253.57391196   9.9888013783355434E-01
  2455253.57441221   9.9893903103997317E-01
  2455253.57491246   9.9899676808799598E-01
  2455253.57541271   9.9905332748436815E-01
  2455253.57591296   9.9910868697315269E-01
  2455253.57641321   9.9916282345908214E-01
  2455253.57691346   9.9921571292035427E-01
  2455253.57741371   9.9926733030891379E-01
  2455253.57791396   9.9931764943570900E-01
  2455253.57841421   9.9936664283793308E-01
  2455253.57891446   9.9941428158061174E-01
  2455253.57941471   9.9946053525116185E-01
  2455253.57991496   9.9950537147845209E-01
  2455253.58041521   9.9954875585507508E-01
  2455253.58091546   9.9959065158334570E-01
  2455253.58141571   9.9963101909874597E-01
  2455253.58191596   9.9966981560554147E-01
  2455253.58241621   9.9970699449608236E-01
  2455253.58291646   9.9974250461322700E-01
  2455253.58341671   9.9977628929646201E-01
  2455253.58391696   9.9980828512219333E-01
  2455253.58441721   9.9983842019852676E-01
  2455253.58491746   9.9986661178785696E-01
  2455253.58541771   9.9989276287068574E-01
  2455253.58591796   9.9991675695077675E-01
  2455253.58641821   9.9993844973379620E-01
  2455253.58691846   9.9995765472288112E-01
  2455253.58741871   9.9997411537761571E-01
  2455253.58791896   9.9998744117843974E-01
  2455253.58841921   9.9999690399001540E-01
  2455253.58891946   1.0000000000000000E+00
  2455253.58941971   1.0000000000000000E+00
  2455253.58991996   1.0000000000000000E+00
  2455253.59042021   1.0000000000000000E+00
  2455253.59092046   1.0000000000000000E+00
  2455253.59142071   1.0000000000000000E+00
  2455253.59192096   1.0000000000000000E+00
  2455253.59242121   1.0000000000000000E+00
  2455253.59292146   1.0000000000000000E+00
  2455253.59342171   1.0000000000000000E+00
  2455253.59392196   1.0000000000000000E+00
  2455253.59442221   1.0000000000000000E+00
  2455253.59492246   1.0000000000000000E+00
  2455253.59542271   1.0000000000000000E+00
  2455253.59592296   1.0000000000000000E+00
  2455253.59642321   1.0000000000000000E+00
  2455253.59692346   1.0000000000000000E+00
  2455253.59742371   1.0000000000000000E+00
  2455253.59792396   1.0000000000000000E+00
  2455253.59842421   1.0000000000000000E+00
  2455253.59892446   1.0000000000000000E+00
  2455253.59942471   1.0000000000000000E+00
  2455253.59992496   1.0000000000000000E+00
  2455253.60042521   1.0000000000000000E+00
  2455253.60092546   1.0000000000000000E+00
  2455253.60142571   1.0000000000000000E+00
  2455253.60192596   1.0000000000000000E+00
  2455253.60242621   1.0000000000000000E+00
  2455253.60292646   1.0000000000000000E+00
  2455253.60342671   1.0000000000000000E+00
  2455253.60392696   1.0000000000000000E+00
  2455253.60442721   1.0000000000000000E+00
  2455253.60492746   1.0000000000000000E+00
  2455253.60542771   1.0000000000000000E+00
  2455253.60592796   1.0000000000000000E+00
  2455253.60642821   1.0000000000000000E+00
  2455253.60692846   1.0000000000000000E+00
  2455253.60742871   1.0000000000000000E+00
  2455253.60792896   1.0000000000000000E+00
  2455253.60842921   1.0000000000000000E+00
  2455253.60892946   1.0000000000000000E+00
  2455253.60942971   1.0000000000000000E+00
  2455253.60992996   1.0000000000000000E+00
  2455253.61043022   1.0000000000000000E+00
  2455253.61093047   1.0000000000000000E+00
  2455253.61143072   1.0000000000000000E+00
  2455253.61193097   1.0000000000000000E+00
  2455253.61243122   1.0000000000000000E+00
  2455253.61293147   1.0000000000000000E+00
  2455253.61343172   1.0000000000000000E+00
  2455253.61393197   1.0000000000000000E+00
  2455253.61443222   1.0000000000000000E+00
  2455253.61493247   1.0000000000000000E+00
  2455253.61543272   1.0000000000000000E+00
  2455253.61593297   1.0000000000000000E+00
  2455253.61643322   1.0000000000000000E+00
  2455253.61693347   1.0000000000000000E+00
  2455253.61743372   1.0000000000000000E+00
  2455253.61793397   1.0000000000000000E+00
  2455253.61843422   1.0000000000000000E+00
  2455253.61893447   1.0000000000000000E+00
  2455253.61943472   1.0000000000000000E+00
  2455253.61993497   1.0000000000000000E+00
  2455253.62043522   1.0000000000000000E+00
  2455253.62093547   1.0000000000000000E+00
  2455253.62143572   1.0000000000000000E+00
  2455253.62193597   1.0000000000000000E+00
  2455253.62243622   1.0000000000000000E+00
  2455253.62293647   1.0000000000000000E+00
  2455253.62343672   1.0000000000000000E+00
  2455253.62393697   1.0000000000000000E+00
  2455253.62443722   1.0000000000000000E+00
  2455253.62493747   1.0000000000000000E+00
  2455253.62543772   1.0000000000000000E+00
  2455253.62593797   1.0000000000000000E+00
  2455253.62643822   1.0000000000000000E+00
  2455253.62693847   1.0000000000000000E+00
  2455253.62743872   1.0000000000000000E+00
  2455253.62793897   1.0000000000000000E+00
  2455253.62843922   1.0000000000000000E+00
  2455253.62893947   1.0000000000000000E+00
  2455253.62943972   1.0000000000000000E+00
  2455253.62993997   1.0000000000000000E+00
  2455253.63044022   1.0000000000000000E+00
  2455253.63094047   1.0000000000000000E+00
  2455253.63144072   1.0000000000000000E+00
  2455253.63194097   1.0000000000000000E+00
  2455253.63244122   1.0000000000000000E+00
  2455253.63294147   1.0000000000000000E+00
  2455253.63344172   1.0000000000000000E+00
  2455253.63394197   1.0000000000000000E+00
  2455253.63444222   1.0000000000000000E+00
  2455253.63494247   1.0000000000000000E+00
  2455253.63544272   1.0000000000000000E+00
  2455253.63594297   1.0000000000000000E+00
  2455253.63644322   1.0000000000000000E+00
  2455253.63694347   1.0000000000000000E+00
  2455253.63744372   1.0000000000000000E+00
  2455253.63794397   1.0000000000000000E+00
  2455253.63844422   1.0000000000000000E+00
  2455253.63894447   1.0000000000000000E+00
  2455253.63944472   1.0000000000000000E+00
  2455253.63994497   1.0000000000000000E+00
  2455253.64044522   1.0000000000000000E+00
  2455253.64094547   1.0000000000000000E+00
  2455253.64144572   1.0000000000000000E+00
  2455253.64194597   1.0000000000000000E+00
  2455253.64244622   1.0000000000000000E+00
  2455253.64294647   1.0000000000000000E+00
  2455253.64344672   1.0000000000000000E+00
  2455253.64394697   1.0000000000000000E+00
  2455253.64444722   1.0000000000000000E+00
  2455253.64494747   1.0000000000000000E+00
  2455253.64544772   1.0000000000000000E+00
  2455253.64594797   1.0000000000000000E+00
  2455253.64644822   1.0000000000000000E+00
  2455253.64694847   1.0000000000000000E+00
  2455253.64744872   1.0000000000000000E+00
  2455253.64794897   1.0000000000000000E+00
  2455253.64844922   1.0000000000000000E+00
  2455253.64894947   1.0000000000000000E+00
  2455253.64944972   1.0000000000000000E+00
  2455253.64994997   1.0000000000000000E+00
  2455253.65045022   1.0000000000000000E+00
  2455253.65095048   1.0000000000000000E+00
  2455253.65145073   1.0000000000000000E+00
  2455253.65195098   1.0000000000000000E+00
  2455253.65245123   1.0000000000000000E+00
  2455253.65295148   1.0000000000000000E+00
  2455253.65345173   1.0000000000000000E+00
  2455253.65395198   1.0000000000000000E+00
  2455253.65445223   1.0000000000000000E+00
  2455253.65495248   1.0000000000000000E+00
  2455253.65545273   1.0000000000000000E+00
  2455253.65595298   1.0000000000000000E+00
  2455253.65645323   1.0000000000000000E+00
  2455253.65695348   1.0000000000000000E+00
  2455253.65745373   1.0000000000000000E+00
  2455253.65795398   1.0000000000000000E+00
  2455253.65845423   1.0000000000000000E+00
  2455253.65895448   1.0000000000000000E+00
  2455253.65945473   1.0000000000000000E+00
  2455253.65995498   1.0000000000000000E+00
  2455253.66045523   1.0000000000000000E+00
  2455253.66095548   1.0000000000000000E+00
  2455253.66145573   1.0000000000000000E+00
  2455253.66195598   1.0000000000000000E+00
  2455253.66245623   1.0000000000000000E+00
  2455253.66295648   1.0000000000000000E+00
  2455253.66345673   1.0000000000000000E+00
  2455253.66395698   1.0000000000000000E+00
  2455253.66445723   1.0000000000000000E+00
  2455253.66495748   1.0000000000000000E+00
  2455253.66545773   1.0000000000000000E+00
  2455253.66595798   1.0000000000000000E+00
  2455253.66645823   1.0000000000000000E+00
  2455253.66695848   1.0000000000000000E+00
  2455253.66745873   1.0000000000000000E+00
  2455253.66795898   1.0000000000000000E+00
  2455253.66845923   1.0000000000000000E+00
  2455253.66895948   1.0000000000000000E+00
  2455253.66945973   1.0000000000000000E+00
  2455253.66995998   1.0000000000000000E+00
  2455253.67046023   1.0000000000000000E+00
  2455253.67096048   1.0000000000000000E+00
  2455253.67146073   1.0000000000000000E+00
  2455253.67196098   1.0000000000000000E+00
  2455253.67246123   1.0000000000000000E+00
  2455253.67296148   1.0000000000000000E+00
  2455253.67346173   1.0000000000000000E+00
  2455253.67396198   1.0000000000000000E+00
  2455253.67446223   1.0000000000000000E+00
  2455253.67496248   1.0000000000000000E+00
  2455253.67546273   1.0000000000000000E+00
  2455253.67596298   1.0000000000000000E+00
  2455253.67646323   1.0000000000000000E+00
  2455253.67696348   1.0000000000000000E+00
  2455253.67746373   1.0000000000000000E+00
  2455253.67796398   1.0000000000000000E+00
  2455253.67846423   1.0000000000000000E+00
  2455253.67896448   1.0000000000000000E+00
  2455253.67946473   1.0000000000000000E+00
  2455253.67996498   1.0000000000000000E+00
  2455253.68046523   1.0000000000000000E+00
  2455253.68096548   1.0000000000000000E+00
  2455253.68146573   1.0000000000000000E+00
  2455253.68196598   1.0000000000000000E+00
  2455253.68246623   1.0000000000000000E+00
  2455253.68296648   1.0000000000000000E+00
  2455253.68346673   1.0000000000000000E+00
  2455253.68396698   1.0000000000000000E+00
  2455253.68446723   1.0000000000000000E+00
  2455253.68496748   1.0000000000000000E+00
  2455253.68546773   1.0000000000000000E+00
  2455253.68596798   1.0000000000000000E+00
  2455253.68646823   1.0000000000000000E+00
  2455253.68696848   1.0000000000000000E+00
  2455253.68746873   1.0000000000000000E+00
  2455253.68796898   1.0000000000000000E+00
  2455253.68846923   1.0000000000000000E+00
  2455253.68896948   1.0000000000000000E+00
  2455253.68946973   1.0000000000000000E+00
  2455253.68996998   1.0000000000000000E+00
  2455253.69047023   1.0000000000000000E+00
  2455253.69097049   1.0000000000000000E+00
  2455253.69147074   1.0000000000000000E+00
  2455253.69197099   1.0000000000000000E+00
  2455253.69247124   1.0000000000000000E+00
  2455253.69297149   1.0000000000000000E+00
  2455253.69347174   1.0000000000000000E+00
  2455253.69397199   1.0000000000000000E+00
  2455253.69447224   1.0000000000000000E+00
  2455253.69497249   1.0000000000000000E+00
  2455253.69547274   1.0000000000000000E+00
  2455253.69597299   1.0000000000000000E+00
  2455253.69647324   1.0000000000000000E+00
  2455253.69697349   1.0000000000000000E+00
  2455253.69747374   1.0000000000000000E+00
  2455253.69797399   1.0000000000000000E+00
  2455253.69847424   1.0000000000000000E+00
  2455253.69897449   1.0000000000000000E+00
  2455253.69947474   1.0000000000000000E+00
  2455253.69997499   1.0000000000000000E+00
  2455253.70047524   1.0000000000000000E+00
  2455253.70097549   1.0000000000000000E+00
  2455253.70147574   1.0000000000000000E+00
  2455253.70197599   1.0000000000000000E+00
  2455253.70247624   1.0000000000000000E+00
  2455253.70297649   1.0000000000000000E+00
  2455253.70347674   1.0000000000000000E+00
  2455253.70397699   1.0000000000000000E+00
  2455253.70447724   1.0000000000000000E+00
  2455253.70497749   1.0000000000000000E+00
  2455253.70547774   1.0000000000000000E+00
  2455253.70597799   1.0000000000000000E+00
  2455253.70647824   1.0000000000000000E+00
  2455253.70697849   1.0000000000000000E+00
  2455253.70747874   1.0000000000000000E+00
  2455253.70797899   1.0000000000000000E+00
  2455253.70847924   1.0000000000000000E+00
  2455253.70897949   1.0000000000000000E+00
  2455253.70947974   1.0000000000000000E+00
  2455253.70997999   1.0000000000000000E+00
  2455253.71048024   1.0000000000000000E+00
  2455253.71098049   1.0000000000000000E+00
  2455253.71148074   1.0000000000000000E+00
  2455253.71198099   1.0000000000000000E+00
  2455253.71248124   1.0000000000000000E+00
  2455253.71298149   1.0000000000000000E+00
  2455253.71348174   1.0000000000000000E+00
  2455253.71398199   1.0000000000000000E+00
  2455253.71448224   1.0000000000000000E+00
  2455253.71498249   1.0000000000000000E+00
  2455253.71548274   1.0000000000000000E+00
  2455253.71598299   1.0000000000000000E+00
  2455253.71648324   1.0000000000000000E+00
  2455253.71698349   1.0000000000000000E+00
  2455253.71748374   1.0000000000000000E+00
  2455253.71798399   1.0000000000000000E+00
  2455253.71848424   1.0000000000000000E+00
  2455253.71898449   1.0000000000000000E+00
  2455253.71948474   1.0000000000000000E+00
  2455253.71998499   1.0000000000000000E+00
  2455253.72048524   1.0000000000000000E+00
  2455253.72098549   1.0000000000000000E+00
  2455253.72148574   1.0000000000000000E+00
  2455253.72198599   1.0000000000000000E+00
  2455253.72248624   1.0000000000000000E+00
  2455253.72298649   1.0000000000000000E+00
  2455253.72348674   1.0000000000000000E+00
  2455253.72398699   1.0000000000000000E+00
  2455253.72448724   1.0000000000000000E+00
  2455253.72498749   1.0000000000000000E+00
  2455253.72548774   1.0000000000000000E+00
  2455253.72598799   1.0000000000000000E+00
  2455253.72648824   1.0000000000000000E+00
  2455253.72698849   1.0000000000000000E+00
  2455253.72748874   1.0000000000000000E+00
  2455253.72798899   1.0000000000000000E+00
  2455253.72848924   1.0000000000000000E+00
  2455253.72898949   1.0000000000000000E+00
  2455253.72948974   1.0000000000000000E+00
  2455253.72998999   1.0000000000000000E+00
  2455253.73049024   1.0000000000000000E+00
  2455253.73099050   1.0000000000000000E+00
  2455253.73149075   1.0000000000000000E+00
  2455253.73199100   1.0000000000000000E+00
  2455253.73249125   1.0000000000000000E+00
  2455253.73299150   1.0000000000000000E+00
  2455253.73349175   1.0000000000000000E+00
  2455253.73399200   1.0000000000000000E+00
  2455253.73449225   1.0000000000000000E+00
  2455253.73499250   1.0000000000000000E+00
  2455253.73549275   1.0000000000000000E+00
  2455253.73599300   1.0000000000000000E+00
  2455253.73649325   1.0000000000000000E+00
  2455253.73699350   1.0000000000000000E+00
  2455253.73749375   1.0000000000000000E+00
  2455253.73799400   1.0000000000000000E+00
  2455253.73849425   1.0000000000000000E+00
  2455253.73899450   1.0000000000000000E+00
  2455253.73949475   1.0000000000000000E+00
  2455253.73999500   1.0000000000000000E+00
  2455253.74049525   1.0000000000000000E+00
  2455253.74099550   1.0000000000000000E+00
  2455253.74149575   1.0000000000000000E+00
  2455253.74199600   1.0000000000000000E+00
  2455253.74249625   1.0000000000000000E+00
  2455253.74299650   1.0000000000000000E+00
  2455253.74349675   1.0000000000000000E+00
  2455253.74399700   1.0000000000000000E+00
  2455253.74449725   1.0000000000000000E+00
  2455253.74499750   1.0000000000000000E+00
  2455253.74549775   1.0000000000000000E+00
  2455253.74599800   1.0000000000000000E+00
  2455253.74649825   1.0000000000000000E+00
  2455253.74699850   1.0000000000000000E+00
  2455253.74749875   1.0000000000000000E+00
  2455253.74799900   1.0000000000000000E+00
  2455253.74849925   1.0000000000000000E+00
  2455253.74899950   1.0000000000000000E+00
  2455253.74949975   1.0000000000000000E+00
  2455253.75000000   1.0000000000000000E+00
