   0.510084779024997470E+001   0.958666676808530793E+000   0.119174083864687710E+000   0.323758444230080378E+000   0.159348840675849097E-001   0.787710625837987122E+000   0.179923595520077639E+000  -0.921633955926504132E+004  -0.185484604478853907E+005   1
   0.502934130196575335E+001   0.959128768846289281E+000   0.119297798266094907E+000   0.310753906923285139E+000   0.161214138855950498E-001   0.763366522361405231E+000   0.169448320230855959E+000  -0.967181840477570768E+004  -0.162809312069699045E+005   1
   0.502934814165535204E+001   0.891620111609280119E+000   0.120400446432616159E+000   0.278443068480252576E+000   0.133729957587398959E-001   0.698311668945006847E+000   0.881785775467695820E-001  -0.100628887186458669E+005  -0.144239019975881547E+005   1
   0.515028930955934072E+001   0.984418068960161485E+000   0.121889217259340640E+000   0.323225342685879768E+000   0.154937876345340817E-001   0.798777220986978786E+000   0.212507460216216137E+000  -0.774107781624080508E+004  -0.138905521741521734E+005   1
   0.527720504040791649E+001   0.930526473713302993E+000   0.117458135146894210E+000   0.266144698287494930E+000   0.159850650855297149E-001   0.830757742159968338E+000   0.166807871202181379E+000  -0.770972545168540000E+004  -0.131008653890196620E+005   1
   0.522579264817196609E+001   0.928186436008638260E+000   0.123398534073288380E+000   0.215464327548991808E+000   0.161729843210238443E-001   0.764673478077938951E+000   0.110671714564889848E+000  -0.801952896390461046E+004  -0.130946094720348028E+005   1
   0.502888639300279205E+001   0.959360826897670327E+000   0.117756669124795821E+000   0.417860007738763861E+000   0.121199098611947855E-001   0.741785742917047353E+000   0.179184601530830434E+000  -0.105948979871091160E+005  -0.124501998045610871E+005   1
   0.510131782609543727E+001   0.902193069110835966E+000   0.116823489181384993E+000   0.356273404035090113E+000   0.107357558863290636E-001   0.722429413364497952E+000   0.134557222883056993E+000  -0.952583269063720400E+004  -0.151452297818863899E+005   1
   0.515029387782391002E+001   0.911603722884742229E+000   0.115820110169528645E+000   0.300458385707894293E+000   0.149730863663647528E-001   0.793693673529812349E+000   0.177180878831614430E+000  -0.758459103981326007E+004  -0.132302153008559890E+005   1
   0.500566265043276104E+001   0.766016710222104713E+000   0.116406910936331848E+000   0.274145496087408014E+000   0.125516858548548622E-001   0.728416996050576526E+000   0.134325773121646369E+000  -0.982592435570060843E+004  -0.130806948978822311E+005   1
   0.535599039892672124E+001   0.909603371223981050E+000   0.120941759593399173E+000   0.215088699481161577E+000   0.148488143679820096E-001   0.768284293506372618E+000   0.734399844698940124E-001  -0.616925004721745609E+004  -0.121555071765982557E+005   1
   0.535649862232100382E+001   0.952957769268969912E+000   0.126482272646820632E+000   0.226944764557272860E+000   0.148158150176205088E-001   0.738925453889907491E+000   0.835048722501118834E-001  -0.944734791074425993E+004  -0.121309216045648518E+005   1
   0.500566188249513022E+001   0.806837910223312638E+000   0.121197032733573254E+000   0.223632418036020630E+000   0.136204580921565049E-001   0.682800761735607442E+000   0.619507922973175015E-001  -0.568634400726845161E+004  -0.119284907875630652E+005   1
   0.519973306107910371E+001   0.977418646248670031E+000   0.124087101456090684E+000   0.231718384045050796E+000   0.156734315827970448E-001   0.714292703512292682E+000   0.575571735596477133E-001  -0.105050024562990347E+005  -0.118380974070240900E+005   1
   0.515029669307627191E+001   0.854572884270635047E+000   0.116251117350921487E+000   0.257530052012478583E+000   0.136092772410520198E-001   0.740991646052887587E+000   0.994834051847239692E-001  -0.101699242035609477E+005  -0.117939838427488539E+005   1
   0.527720876887429657E+001   0.901895531061037703E+000   0.118478817752728907E+000   0.202031503639755056E+000   0.182676002055073249E-001   0.844578638446009222E+000   0.175977957107577188E+000  -0.927211022387836238E+004  -0.117367777333236609E+005   1
   0.505279732936072534E+001   0.996390154993476385E+000   0.124072370454632541E+000   0.313365226648797901E+000   0.164740684816593388E-001   0.758395225519780669E+000   0.187986343993547134E+000  -0.824248944650032900E+004  -0.117066273693542917E+005   1
   0.515028512623953816E+001   0.997110502263301557E+000   0.119232977036568988E+000   0.429511537764259321E+000   0.997929787645450775E-002   0.717413027356551658E+000   0.136344610234041652E+000  -0.809696329412885189E+004  -0.115916774404378830E+005   1
   0.522579327686161488E+001   0.966608775518893015E+000   0.125785235594756462E+000   0.233899982495819142E+000   0.143231906771717522E-001   0.700480872238994356E+000   0.505358115221805695E-001  -0.107376783853839679E+005  -0.115017693613272040E+005   1
   0.519974564597829048E+001   0.848523511104925632E+000   0.120881410718624446E+000   0.196336238149867365E+000   0.143239318938205192E-001   0.738572792199975625E+000   0.820237555342570313E-001  -0.989463240156587744E+004  -0.113982862907946001E+005   1
   0.535649604435559645E+001   0.976472459823379824E+000   0.126171634836895030E+000   0.186931819331348448E+000   0.154343803361649198E-001   0.724864023918573963E+000   0.412777910159911748E-001  -0.949896114440024940E+004  -0.112693275470206336E+005   1
   0.502933831529665198E+001   0.941585355548315350E+000   0.121085475611906884E+000   0.312383759126762861E+000   0.174788551439179034E-001   0.808166247779495306E+000   0.233256152234112168E+000  -0.902175435345293408E+004  -0.111832916405426786E+005   1
   0.507694311619077698E+001   0.942119724522032964E+000   0.118802164897463008E+000   0.338604343848986244E+000   0.116158507595100144E-001   0.710819266777677483E+000   0.112243588314265785E+000  -0.867088746541610453E+004  -0.110853083814115944E+005   1
   0.532912608222127560E+001   0.961474136250681566E+000   0.124270824779826192E+000   0.167746901398956788E+000   0.187786018389261081E-001   0.782704348664425842E+000   0.856867579072954078E-001  -0.977225752075165838E+004  -0.110603536530516667E+005   1
   0.502935056107706302E+001   0.848389594704034300E+000   0.117279798693834938E+000   0.256042054838274469E+000   0.158054246772741797E-001   0.742884072879995694E+000   0.112140984093674678E+000  -0.859927156171161732E+004  -0.110120282577546623E+005   1
   0.514982091918989671E+001   0.913822464102047816E+000   0.116136668984089197E+000   0.340656452806974430E+000   0.119441270812988987E-001   0.739125187926589877E+000   0.133864170368518054E+000  -0.955524849853869637E+004  -0.108695114122417708E+005   1
   0.537035631882495501E+001   0.981156181105971470E+000   0.117425612502491603E+000   0.320204983205952254E+000   0.175467710466358333E-001   0.914934871218080259E+000   0.251693968055117068E+000   0.345845952088872581E-322  -0.124035900370252584E+005   1
   0.525112507532718720E+001   0.956422787074071357E+000   0.112817760140586143E+000   0.353911963071185276E+000   0.144487442206554396E-001   0.964794331282387674E+000   0.281465543180439093E+000  -0.878632162780167164E+004  -0.201596867230023890E+005   1
   0.541000952593880591E+001   0.918398876259106212E+000   0.114211874297846058E+000   0.364075553026337984E+000   0.114621301182597866E-001   0.865181353683621923E+000   0.234342011578879045E+000  -0.963603959161525745E+004  -0.191236738097222842E+005   1
   0.538312455818017721E+001   0.885467350658327268E+000   0.109979831129529609E+000   0.381641258357465318E+000   0.102612043853795888E-001   0.841587708369977872E+000   0.232020157718877823E+000  -0.993198789718064472E+004  -0.154398183382330335E+005   1
   0.520022135666328911E+001   0.913864838379697009E+000   0.110425648463034112E+000   0.358456294357613670E+000   0.129982096321690378E-001   0.858951516530615855E+000   0.223048781812460323E+000  -0.989498027034858933E+004  -0.147314501575731283E+005   1
   0.532913026008779855E+001   0.907735509720216882E+000   0.116285963543630286E+000   0.331530486674335712E+000   0.124671784741383004E-001   0.860038082694291162E+000   0.214160726651880295E+000  -0.100593287780497340E+005  -0.123053534475385295E+005   1
   0.535598849516300390E+001   0.938218914302869300E+000   0.117784564172232806E+000   0.243911848336727577E+000   0.198670971850306161E-001   0.879474944665632918E+000   0.226952573612608177E+000  -0.979283372759492158E+004  -0.123051586896181507E+005   1
   0.579045715100028602E+001   0.746604638775059781E+000   0.115877985953922680E+000   0.386546815742879857E+000   0.117519048136700208E-001   0.631508085874938452E+000   0.833188018969888144E-001  -0.793295175701359858E+004  -0.138276878710984311E+005   1
   0.569790571667138845E+001   0.735429545873637847E+000   0.113015095251285419E+000   0.352321672011580989E+000   0.119182267841133303E-001   0.659637937833058574E+000   0.774787570205028864E-001  -0.105686664368106667E+005  -0.151018317517667456E+005   1
   0.585363852460771650E+001   0.800444588870642182E+000   0.118644514265079035E+000   0.222784996141005665E+000   0.111889579286594005E-001   0.696613833509654223E+000   0.817122793069977316E-001  -0.105463382662530403E+005  -0.132297962385693809E+005   1
   0.579044994653747036E+001   0.813143605030618111E+000   0.117279107694524487E+000   0.222657364377232936E+000   0.110182931375824075E-001   0.685754979454878288E+000   0.863762520907655484E-001  -0.108202433302890186E+005  -0.115078628610709347E+005   1
   0.585364815234021840E+001   0.741491644472439759E+000   0.115751948365286739E+000   0.377672890668008909E+000   0.118099754521609149E-001   0.675754177218672702E+000   0.500971004568019282E-001  -0.103019499049429414E+005  -0.114891682977304517E+005   1
   0.582157206794230042E+001   0.782483750894070518E+000   0.117272914013678231E+000   0.380035109433100149E+000   0.112937052056868766E-001   0.633054665681250794E+000   0.148536447541310988E-001  -0.104687520873143403E+005  -0.113863623212358088E+005   1
   0.572862076390281771E+001   0.752465733151479355E+000   0.117751041781794463E+000   0.303620434637507208E+000   0.113873101349174274E-001   0.686054439590687903E+000   0.104498433424973572E+000  -0.101438766292334094E+005  -0.108869776586452608E+005   1
   0.557937679377852103E+001   0.721240844257569957E+000   0.112328767438100594E+000   0.354378601457908560E+000   0.119673011196407553E-001   0.568893383351724014E+000   0.249344802972439467E-001  -0.100935170577367553E+005  -0.195179113147730532E+005   1
   0.510086067997871329E+001   0.782466759826752178E+000   0.112313938698384047E+000   0.283806445429671872E+000   0.118586707622243687E-001   0.752567891124425237E+000   0.144630971363777311E+000  -0.107342459551439315E+005  -0.159965243331919410E+005   1
   0.538313740413398456E+001   0.763770617285927322E+000   0.113555428118337132E+000   0.327197714548886021E+000   0.112345572401685925E-001   0.705513472475552184E+000   0.885047827338283910E-001  -0.905638778274954893E+004  -0.217589944662780763E+005   1
   0.525113930451497968E+001   0.774671483198280497E+000   0.113939169860073825E+000   0.306350750508503245E+000   0.114552192803394383E-001   0.620415473130722983E+000   0.914519876393328351E-001  -0.108262085093289770E+005  -0.153063807318419949E+005   1
   0.525114748489206562E+001   0.713731412207051941E+000   0.111218388380647418E+000   0.334999535490152212E+000   0.109857209904501586E-001   0.671211170646619726E+000   0.691587472094250116E-001  -0.101956197467090005E+005  -0.189882059105304652E+005   1
   0.543770559968084299E+001   0.753145437339971524E+000   0.113391403227100285E+000   0.353269249440224642E+000   0.122069022293983340E-001   0.724911265525089110E+000   0.101120054739250925E+000  -0.857217296092409015E+004  -0.130576140236601004E+005   1
   0.535600534424670904E+001   0.741562377951204610E+000   0.111234461358418954E+000   0.324327765166522619E+000   0.118378860331337325E-001   0.669445262803249674E+000   0.131640255284610985E+000  -0.107557733240665129E+005  -0.125155210610689610E+005   1
   0.549340324053549089E+001   0.661368476806948213E+000   0.113199563287731467E+000   0.289063688531185192E+000   0.137066048041039768E-001   0.620819870045934308E+000   0.138378470865246711E+000  -0.882089280172372492E+004  -0.164846232283315985E+005   1
   0.525114567219784600E+001   0.739189892457618347E+000   0.110215209324972530E+000   0.300542226484259989E+000   0.140878551940665925E-001   0.567443023629809806E+000   0.100129579465969593E+000  -0.108526567115816160E+005  -0.144064095843168307E+005   1
   0.549339614220593209E+001   0.720642510649820212E+000   0.110896255412088279E+000   0.277714563091908062E+000   0.131461934440597426E-001   0.697215140264390021E+000   0.123627786373838297E+000  -0.954797347255370732E+004  -0.127131810368798851E+005   1
